201 237 4
201 268 5
201 306 5
201 331 5
201 934 5
201 1 5
201 111 5
201 283 5
201 291 5
201 305 5
201 361 5
201 475 5
201 740 5
202 292 5
202 330 5
202 358 1
202 872 4
202 877 3
202 259 4
202 288 4
202 294 4
202 682 4
202 876 4
202 880 4
202 887 4
202 895 4
202 948 4
203 100 5
203 106 2
203 117 4
203 288 4
203 685 4
203 7 4
203 9 4
203 111 4
203 118 4
203 121 4
203 123 4
203 127 4
203 129 4
203 148 4
203 181 4
203 222 4
203 235 4
203 240 4
203 258 4
203 274 4
203 276 4
203 284 4
203 291 4
203 370 4
203 410 4
203 471 4
203 472 4
203 477 4
203 515 4
203 546 4
203 597 4
203 748 4
203 845 4
203 864 4
203 866 4
203 925 4
203 928 4
204 331 3
204 678 4
204 683 4
204 687 3
204 739 4
204 22 4
204 66 4
204 243 4
204 245 4
204 258 4
204 259 4
204 269 4
204 270 4
204 289 4
204 294 4
204 300 4
204 302 4
204 307 4
204 310 4
204 313 4
204 323 4
204 327 4
204 328 4
204 332 4
204 333 4
204 342 4
204 343 4
204 348 4
204 689 4
204 690 4
204 748 4
204 754 4
204 879 4
204 892 4
204 901 4
205 40 2
205 191 4
205 238 5
205 603 3
205 693 2
205 2 3
205 5 3
205 8 3
205 11 3
205 12 3
205 22 3
205 23 3
205 28 3
205 29 3
205 30 3
205 31 3
205 32 3
205 33 3
205 37 3
205 38 3
205 39 3
205 41 3
205 42 3
205 43 3
205 45 3
205 47 3
205 48 3
205 49 3
205 50 3
205 51 3
205 52 3
205 53 3
205 55 3
205 56 3
205 57 3
205 58 3
205 60 3
205 61 3
205 62 3
205 63 3
205 64 3
205 66 3
205 67 3
205 68 3
205 70 3
205 71 3
205 72 3
205 73 3
205 75 3
205 76 3
205 77 3
205 78 3
205 80 3
205 81 3
205 82 3
205 83 3
205 85 3
205 87 3
205 88 3
205 90 3
205 91 3
205 92 3
205 94 3
205 96 3
205 97 3
205 98 3
205 101 3
205 102 3
205 127 3
205 132 3
205 135 3
205 139 3
205 141 3
205 142 3
205 143 3
205 149 3
205 161 3
205 168 3
205 169 3
205 171 3
205 172 3
205 173 3
205 175 3
205 178 3
205 179 3
205 180 3
205 183 3
205 184 3
205 185 3
205 186 3
205 188 3
205 189 3
205 190 3
205 192 3
205 193 3
205 195 3
205 197 3
205 198 3
205 199 3
205 200 3
205 201 3
205 202 3
205 204 3
205 206 3
205 207 3
205 208 3
205 210 3
205 211 3
205 212 3
205 214 3
205 215 3
205 216 3
205 217 3
205 218 3
205 219 3
205 226 3
205 227 3
205 228 3
205 229 3
205 230 3
205 231 3
205 232 3
205 233 3
205 234 3
205 239 3
205 265 3
205 288 3
205 302 3
205 308 3
205 317 3
205 318 3
205 347 3
205 350 3
205 351 3
205 356 3
205 361 3
205 364 3
205 365 3
205 366 3
205 367 3
205 371 3
205 374 3
205 376 3
205 377 3
205 379 3
205 383 3
205 384 3
205 386 3
205 387 3
205 388 3
205 391 3
205 393 3
205 395 3
205 396 3
205 397 3
205 399 3
205 400 3
205 402 3
205 403 3
205 404 3
205 414 3
205 415 3
205 416 3
205 417 3
205 419 3
205 420 3
205 421 3
205 422 3
205 423 3
205 426 3
205 427 3
205 430 3
205 431 3
205 432 3
205 433 3
205 434 3
205 437 3
205 438 3
205 439 3
205 440 3
205 441 3
205 442 3
205 444 3
205 446 3
205 447 3
205 448 3
205 449 3
205 450 3
205 451 3
205 452 3
205 453 3
205 461 3
205 462 3
205 463 3
205 464 3
205 465 3
205 467 3
205 469 3
205 470 3
205 480 3
205 482 3
205 501 3
205 504 3
205 509 3
205 510 3
205 511 3
205 514 3
205 515 3
205 516 3
205 517 3
205 518 3
205 519 3
205 520 3
205 521 3
205 522 3
205 523 3
205 524 3
205 525 3
205 526 3
205 527 3
205 528 3
205 529 3
205 530 3
205 536 3
205 537 3
205 540 3
205 541 3
205 543 3
205 545 3
205 548 3
205 549 3
205 551 3
205 552 3
205 553 3
205 554 3
205 555 3
205 556 3
205 557 3
205 558 3
205 559 3
205 560 3
205 561 3
205 562 3
205 563 3
205 564 3
205 565 3
205 566 3
205 567 3
205 568 3
205 569 3
205 570 3
205 573 3
205 574 3
205 575 3
205 577 3
205 578 3
205 579 3
205 580 3
205 581 3
205 583 3
205 584 3
205 585 3
205 586 3
205 588 3
205 592 3
205 593 3
205 606 3
205 622 3
205 623 3
205 624 3
205 625 3
205 626 3
205 627 3
205 639 3
205 642 3
205 643 3
205 644 3
205 645 3
205 647 3
205 648 3
205 649 3
205 650 3
205 651 3
205 652 3
205 653 3
205 654 3
205 655 3
205 656 3
205 659 3
205 661 3
205 662 3
205 664 3
205 666 3
205 667 3
205 669 3
205 670 3
205 671 3
205 673 3
205 674 3
205 675 3
205 679 3
205 684 3
205 692 3
205 694 3
205 695 3
205 697 3
205 699 3
205 700 3
205 702 3
205 707 3
205 708 3
205 710 3
205 712 3
205 714 3
205 715 3
205 716 3
205 719 3
205 720 3
205 721 3
205 722 3
205 723 3
205 726 3
205 727 3
205 728 3
205 729 3
205 731 3
205 732 3
205 734 3
205 736 3
205 739 3
205 745 3
205 746 3
205 747 3
205 753 3
205 755 3
205 759 3
205 761 3
205 765 3
205 768 3
205 769 3
205 770 3
205 771 3
205 772 3
205 773 3
205 774 3
205 775 3
205 776 3
205 777 3
205 778 3
205 779 3
205 780 3
205 782 3
205 783 3
205 784 3
205 785 3
205 786 3
205 787 3
205 788 3
205 789 3
205 790 3
205 791 3
205 793 3
205 794 3
205 795 3
205 796 3
205 798 3
205 802 3
205 807 3
205 808 3
205 810 3
205 812 3
205 816 3
205 842 3
205 843 3
205 849 3
205 851 3
205 853 3
205 854 3
205 855 3
205 858 3
205 859 3
205 860 3
205 861 3
205 904 3
205 921 3
205 939 3
205 941 3
205 943 3
205 944 3
205 946 3
205 947 3
205 949 3
205 951 3
205 953 3
205 955 3
205 956 3
205 957 3
205 959 3
205 960 3
205 964 3
205 969 3
205 971 3
205 994 3
205 996 3
205 997 3
205 999 3
206 30 4
206 480 4
206 488 4
206 507 4
206 921 4
206 1 4
206 3 4
206 4 4
206 5 4
206 7 4
206 8 4
206 10 4
206 11 4
206 12 4
206 13 4
206 14 4
206 15 4
206 20 4
206 22 4
206 24 4
206 25 4
206 28 4
206 32 4
206 39 4
206 40 4
206 42 4
206 47 4
206 48 4
206 50 4
206 52 4
206 53 4
206 58 4
206 63 4
206 64 4
206 69 4
206 71 4
206 72 4
206 79 4
206 85 4
206 86 4
206 87 4
206 89 4
206 92 4
206 93 4
206 96 4
206 99 4
206 115 4
206 117 4
206 121 4
206 123 4
206 125 4
206 127 4
206 129 4
206 131 4
206 132 4
206 133 4
206 134 4
206 135 4
206 136 4
206 143 4
206 148 4
206 151 4
206 152 4
206 153 4
206 156 4
206 158 4
206 164 4
206 168 4
206 170 4
206 172 4
206 173 4
206 174 4
206 175 4
206 179 4
206 181 4
206 182 4
206 183 4
206 186 4
206 187 4
206 188 4
206 190 4
206 191 4
206 194 4
206 195 4
206 196 4
206 198 4
206 199 4
206 202 4
206 203 4
206 204 4
206 206 4
206 209 4
206 211 4
206 212 4
206 213 4
206 215 4
206 218 4
206 219 4
206 220 4
206 222 4
206 228 4
206 234 4
206 235 4
206 237 4
206 238 4
206 239 4
206 240 4
206 274 4
206 275 4
206 276 4
206 277 4
206 284 4
206 289 4
206 317 4
206 318 4
206 357 4
206 368 4
206 381 4
206 396 4
206 404 4
206 405 4
206 410 4
206 411 4
206 414 4
206 418 4
206 419 4
206 420 4
206 421 4
206 427 4
206 428 4
206 429 4
206 430 4
206 431 4
206 434 4
206 435 4
206 436 4
206 443 4
206 447 4
206 451 4
206 452 4
206 453 4
206 461 4
206 463 4
206 468 4
206 469 4
206 474 4
206 476 4
206 478 4
206 479 4
206 481 4
206 482 4
206 485 4
206 487 4
206 490 4
206 496 4
206 498 4
206 499 4
206 501 4
206 503 4
206 504 4
206 505 4
206 508 4
206 509 4
206 511 4
206 514 4
206 515 4
206 517 4
206 519 4
206 520 4
206 523 4
206 524 4
206 526 4
206 527 4
206 528 4
206 529 4
206 543 4
206 559 4
206 561 4
206 573 4
206 575 4
206 582 4
206 588 4
206 589 4
206 591 4
206 596 4
206 605 4
206 606 4
206 607 4
206 608 4
206 610 4
206 611 4
206 612 4
206 624 4
206 632 4
206 633 4
206 634 4
206 638 4
206 639 4
206 640 4
206 641 4
206 642 4
206 645 4
206 647 4
206 651 4
206 652 4
206 655 4
206 662 4
206 663 4
206 664 4
206 665 4
206 672 4
206 675 4
206 692 4
206 693 4
206 699 4
206 701 4
206 705 4
206 712 4
206 713 4
206 715 4
206 727 4
206 732 4
206 735 4
206 737 4
206 745 4
206 746 4
206 747 4
206 756 4
206 769 4
206 772 4
206 787 4
206 813 4
206 823 4
206 825 4
206 826 4
206 831 4
206 845 4
206 919 4
206 923 4
206 942 4
206 945 4
206 960 4
206 962 4
207 4 4
207 117 3
207 194 4
207 519 4
207 588 4
207 1 4
207 2 4
207 8 4
207 25 4
207 28 4
207 29 4
207 40 4
207 45 4
207 50 4
207 56 4
207 62 4
207 68 4
207 69 4
207 70 4
207 72 4
207 82 4
207 88 4
207 89 4
207 91 4
207 96 4
207 97 4
207 98 4
207 99 4
207 100 4
207 118 4
207 123 4
207 127 4
207 132 4
207 135 4
207 143 4
207 144 4
207 147 4
207 157 4
207 158 4
207 159 4
207 161 4
207 163 4
207 172 4
207 173 4
207 174 4
207 177 4
207 179 4
207 180 4
207 181 4
207 182 4
207 183 4
207 185 4
207 186 4
207 188 4
207 193 4
207 196 4
207 197 4
207 200 4
207 201 4
207 202 4
207 203 4
207 205 4
207 208 4
207 209 4
207 211 4
207 214 4
207 215 4
207 216 4
207 217 4
207 218 4
207 222 4
207 223 4
207 226 4
207 227 4
207 228 4
207 229 4
207 230 4
207 231 4
207 232 4
207 235 4
207 238 4
207 239 4
207 244 4
207 248 4
207 249 4
207 250 4
207 255 4
207 257 4
207 258 4
207 265 4
207 269 4
207 274 4
207 286 4
207 289 4
207 290 4
207 291 4
207 313 4
207 315 4
207 316 4
207 345 4
207 357 4
207 371 4
207 382 4
207 385 4
207 393 4
207 399 4
207 400 4
207 403 4
207 405 4
207 416 4
207 418 4
207 423 4
207 427 4
207 428 4
207 432 4
207 433 4
207 436 4
207 447 4
207 448 4
207 449 4
207 455 4
207 466 4
207 476 4
207 478 4
207 479 4
207 483 4
207 484 4
207 493 4
207 496 4
207 502 4
207 508 4
207 510 4
207 514 4
207 521 4
207 525 4
207 559 4
207 561 4
207 565 4
207 603 4
207 616 4
207 629 4
207 635 4
207 642 4
207 648 4
207 655 4
207 656 4
207 657 4
207 660 4
207 675 4
207 684 4
207 705 4
207 710 4
207 712 4
207 715 4
207 729 4
207 732 4
207 746 4
207 755 4
207 756 4
207 785 4
207 844 4
207 859 4
207 869 4
207 879 4
207 949 4
207 969 4
207 972 4
207 993 4
208 302 5
208 315 5
208 328 2
208 347 3
208 748 5
208 258 4
208 270 4
208 271 4
208 286 4
208 288 4
208 294 4
208 300 4
208 312 4
208 313 4
208 319 4
208 324 4
208 358 4
208 539 4
208 683 4
208 689 4
209 12 4
209 153 4
209 165 4
209 168 5
209 174 4
209 6 4
209 8 4
209 9 4
209 14 4
209 22 4
209 23 4
209 28 4
209 30 4
209 48 4
209 50 4
209 58 4
209 59 4
209 60 4
209 65 4
209 87 4
209 89 4
209 97 4
209 98 4
209 99 4
209 100 4
209 133 4
209 135 4
209 154 4
209 156 4
209 162 4
209 166 4
209 170 4
209 172 4
209 173 4
209 175 4
209 179 4
209 181 4
209 186 4
209 187 4
209 191 4
209 192 4
209 195 4
209 197 4
209 199 4
209 200 4
209 201 4
209 202 4
209 203 4
209 204 4
209 205 4
209 207 4
209 209 4
209 210 4
209 213 4
209 214 4
209 216 4
209 223 4
209 264 4
209 266 4
209 270 4
209 275 4
209 276 4
209 283 4
209 285 4
209 286 4
209 288 4
209 300 4
209 303 4
209 318 4
209 321 4
209 322 4
209 325 4
209 327 4
209 339 4
209 343 4
209 357 4
209 367 4
209 381 4
209 382 4
209 404 4
209 427 4
209 428 4
209 429 4
209 430 4
209 433 4
209 435 4
209 461 4
209 474 4
209 478 4
209 479 4
209 480 4
209 481 4
209 482 4
209 483 4
209 484 4
209 485 4
209 486 4
209 489 4
209 491 4
209 493 4
209 496 4
209 497 4
209 498 4
209 504 4
209 505 4
209 514 4
209 516 4
209 518 4
209 520 4
209 523 4
209 526 4
209 527 4
209 528 4
209 530 4
209 604 4
209 606 4
209 607 4
209 608 4
209 609 4
209 615 4
209 618 4
209 631 4
209 633 4
209 647 4
209 654 4
209 659 4
209 661 4
209 664 4
209 676 4
209 680 4
209 684 4
209 708 4
209 709 4
209 714 4
209 733 4
209 749 4
209 855 4
209 877 4
209 879 4
209 937 4
209 945 4
209 965 4
209 995 4
210 258 2
210 269 5
210 311 3
210 323 3
210 898 3
210 286 3
210 289 3
210 300 3
210 312 3
210 313 3
210 315 3
210 316 3
210 328 3
210 340 3
210 347 3
210 354 3
210 538 3
210 690 3
210 748 3
210 754 3
210 873 3
210 882 3
210 886 3
210 905 3
211 38 4
211 258 4
211 276 3
211 318 4
211 527 4
211 1 4
211 4 4
211 9 4
211 22 4
211 28 4
211 50 4
211 56 4
211 58 4
211 73 4
211 88 4
211 117 4
211 161 4
211 168 4
211 172 4
211 181 4
211 182 4
211 186 4
211 195 4
211 196 4
211 208 4
211 209 4
211 210 4
211 222 4
211 227 4
211 228 4
211 229 4
211 230 4
211 265 4
211 304 4
211 405 4
211 435 4
211 449 4
211 451 4
211 485 4
211 566 4
211 568 4
211 651 4
211 655 4
211 709 4
211 720 4
211 732 4
211 770 4
212 70 4
212 276 5
212 288 4
212 427 4
212 508 4
212 4 4
212 7 4
212 23 4
212 24 4
212 28 4
212 56 4
212 64 4
212 81 4
212 92 4
212 96 4
212 114 4
212 117 4
212 135 4
212 150 4
212 154 4
212 172 4
212 173 4
212 175 4
212 182 4
212 186 4
212 193 4
212 202 4
212 206 4
212 211 4
212 218 4
212 318 4
212 340 4
212 357 4
212 408 4
212 436 4
212 480 4
212 487 4
212 526 4
212 634 4
212 651 4
212 684 4
212 724 4
213 15 4
213 269 4
213 271 4
213 284 4
213 936 4
213 7 4
213 9 4
213 14 4
213 50 4
213 124 4
213 147 4
213 181 4
213 222 4
213 236 4
213 245 4
213 250 4
213 255 4
213 257 4
213 258 4
213 260 4
213 270 4
213 275 4
213 286 4
213 297 4
213 300 4
213 301 4
213 302 4
213 303 4
213 306 4
213 326 4
213 328 4
213 332 4
213 471 4
213 508 4
213 628 4
213 690 4
213 877 4
214 100 5
214 272 5
214 302 5
214 340 4
214 690 4
214 258 5
214 260 5
214 264 5
214 294 5
214 300 5
214 301 5
214 310 5
214 325 5
214 343 5
214 346 5
214 678 5
214 748 5
215 180 5
215 185 4
215 432 4
215 641 3
215 754 4
215 56 4
215 154 4
215 195 4
215 243 4
215 269 4
215 322 4
215 323 4
215 328 4
215 479 4
215 480 4
215 531 4
215 748 4
216 55 2
216 99 4
216 161 4
216 248 5
216 827 4
216 1 4
216 2 4
216 7 4
216 8 4
216 9 4
216 10 4
216 11 4
216 12 4
216 13 4
216 14 4
216 21 4
216 22 4
216 24 4
216 25 4
216 27 4
216 28 4
216 29 4
216 31 4
216 32 4
216 36 4
216 38 4
216 41 4
216 42 4
216 43 4
216 44 4
216 49 4
216 50 4
216 51 4
216 53 4
216 54 4
216 56 4
216 58 4
216 64 4
216 65 4
216 66 4
216 67 4
216 69 4
216 70 4
216 71 4
216 73 4
216 77 4
216 81 4
216 82 4
216 83 4
216 85 4
216 86 4
216 87 4
216 88 4
216 90 4
216 92 4
216 93 4
216 94 4
216 97 4
216 98 4
216 105 4
216 106 4
216 107 4
216 117 4
216 121 4
216 123 4
216 125 4
216 126 4
216 127 4
216 132 4
216 133 4
216 134 4
216 136 4
216 137 4
216 140 4
216 142 4
216 143 4
216 144 4
216 148 4
216 154 4
216 155 4
216 156 4
216 157 4
216 158 4
216 159 4
216 168 4
216 172 4
216 174 4
216 176 4
216 178 4
216 181 4
216 182 4
216 183 4
216 185 4
216 187 4
216 191 4
216 194 4
216 195 4
216 196 4
216 197 4
216 199 4
216 200 4
216 202 4
216 203 4
216 204 4
216 209 4
216 210 4
216 211 4
216 213 4
216 215 4
216 216 4
216 217 4
216 219 4
216 220 4
216 225 4
216 226 4
216 230 4
216 234 4
216 237 4
216 238 4
216 239 4
216 240 4
216 241 4
216 242 4
216 245 4
216 246 4
216 249 4
216 250 4
216 251 4
216 252 4
216 253 4
216 254 4
216 257 4
216 258 4
216 259 4
216 264 4
216 266 4
216 268 4
216 272 4
216 274 4
216 275 4
216 276 4
216 277 4
216 281 4
216 283 4
216 284 4
216 285 4
216 286 4
216 287 4
216 288 4
216 289 4
216 294 4
216 295 4
216 297 4
216 298 4
216 301 4
216 304 4
216 307 4
216 312 4
216 313 4
216 315 4
216 316 4
216 317 4
216 318 4
216 319 4
216 322 4
216 323 4
216 326 4
216 327 4
216 328 4
216 329 4
216 331 4
216 332 4
216 333 4
216 338 4
216 339 4
216 346 4
216 347 4
216 348 4
216 354 4
216 356 4
216 357 4
216 364 4
216 366 4
216 367 4
216 369 4
216 375 4
216 378 4
216 385 4
216 388 4
216 393 4
216 395 4
216 396 4
216 399 4
216 401 4
216 402 4
216 403 4
216 404 4
216 405 4
216 411 4
216 412 4
216 416 4
216 417 4
216 418 4
216 419 4
216 423 4
216 425 4
216 427 4
216 431 4
216 432 4
216 433 4
216 443 4
216 448 4
216 451 4
216 452 4
216 462 4
216 463 4
216 468 4
216 469 4
216 471 4
216 472 4
216 473 4
216 475 4
216 476 4
216 479 4
216 480 4
216 496 4
216 498 4
216 500 4
216 501 4
216 506 4
216 509 4
216 515 4
216 526 4
216 531 4
216 532 4
216 538 4
216 546 4
216 549 4
216 553 4
216 554 4
216 559 4
216 560 4
216 564 4
216 568 4
216 576 4
216 578 4
216 585 4
216 588 4
216 591 4
216 592 4
216 607 4
216 614 4
216 619 4
216 625 4
216 627 4
216 628 4
216 633 4
216 651 4
216 652 4
216 657 4
216 658 4
216 660 4
216 662 4
216 676 4
216 678 4
216 682 4
216 684 4
216 685 4
216 686 4
216 689 4
216 690 4
216 692 4
216 693 4
216 696 4
216 699 4
216 707 4
216 708 4
216 710 4
216 712 4
216 713 4
216 717 4
216 720 4
216 721 4
216 723 4
216 724 4
216 729 4
216 734 4
216 735 4
216 737 4
216 738 4
216 739 4
216 746 4
216 747 4
216 748 4
216 750 4
216 754 4
216 755 4
216 761 4
216 762 4
216 763 4
216 768 4
216 770 4
216 775 4
216 778 4
216 781 4
216 783 4
216 785 4
216 790 4
216 792 4
216 794 4
216 795 4
216 803 4
216 807 4
216 812 4
216 815 4
216 819 4
216 821 4
216 824 4
216 833 4
216 834 4
216 840 4
216 842 4
216 843 4
216 845 4
216 849 4
216 864 4
216 865 4
216 866 4
216 873 4
216 874 4
216 879 4
216 895 4
216 915 4
216 916 4
216 917 4
216 918 4
216 928 4
216 929 4
216 930 4
216 931 4
216 934 4
216 936 4
216 937 4
216 938 4
216 941 4
216 955 4
216 959 4
216 966 4
216 972 4
216 975 4
216 980 4
216 985 4
216 990 4
216 997 4
217 122 2
217 168 4
217 182 4
217 252 3
217 421 4
217 1 3
217 3 3
217 5 3
217 7 3
217 11 3
217 12 3
217 13 3
217 15 3
217 16 3
217 17 3
217 20 3
217 23 3
217 24 3
217 27 3
217 29 3
217 32 3
217 39 3
217 42 3
217 44 3
217 47 3
217 50 3
217 51 3
217 55 3
217 56 3
217 58 3
217 62 3
217 63 3
217 64 3
217 65 3
217 67 3
217 68 3
217 69 3
217 70 3
217 72 3
217 73 3
217 77 3
217 78 3
217 79 3
217 80 3
217 81 3
217 82 3
217 83 3
217 89 3
217 91 3
217 95 3
217 96 3
217 97 3
217 98 3
217 99 3
217 100 3
217 101 3
217 106 3
217 109 3
217 118 3
217 120 3
217 123 3
217 125 3
217 127 3
217 131 3
217 132 3
217 135 3
217 139 3
217 142 3
217 144 3
217 145 3
217 147 3
217 154 3
217 157 3
217 159 3
217 162 3
217 164 3
217 167 3
217 169 3
217 171 3
217 172 3
217 173 3
217 174 3
217 176 3
217 178 3
217 179 3
217 181 3
217 183 3
217 184 3
217 186 3
217 190 3
217 195 3
217 196 3
217 198 3
217 200 3
217 201 3
217 202 3
217 206 3
217 207 3
217 208 3
217 211 3
217 214 3
217 216 3
217 217 3
217 218 3
217 219 3
217 222 3
217 223 3
217 226 3
217 228 3
217 232 3
217 234 3
217 235 3
217 242 3
217 245 3
217 246 3
217 248 3
217 250 3
217 255 3
217 257 3
217 258 3
217 260 3
217 264 3
217 265 3
217 270 3
217 273 3
217 286 3
217 288 3
217 290 3
217 293 3
217 294 3
217 298 3
217 323 3
217 324 3
217 325 3
217 326 3
217 340 3
217 357 3
217 358 3
217 364 3
217 367 3
217 373 3
217 380 3
217 382 3
217 384 3
217 385 3
217 386 3
217 388 3
217 391 3
217 392 3
217 393 3
217 395 3
217 396 3
217 399 3
217 402 3
217 403 3
217 404 3
217 413 3
217 419 3
217 420 3
217 422 3
217 423 3
217 425 3
217 428 3
217 431 3
217 433 3
217 436 3
217 441 3
217 444 3
217 447 3
217 449 3
217 451 3
217 452 3
217 461 3
217 465 3
217 472 3
217 474 3
217 475 3
217 483 3
217 484 3
217 485 3
217 498 3
217 501 3
217 508 3
217 513 3
217 518 3
217 541 3
217 544 3
217 545 3
217 546 3
217 550 3
217 551 3
217 552 3
217 555 3
217 559 3
217 561 3
217 562 3
217 563 3
217 574 3
217 578 3
217 579 3
217 582 3
217 588 3
217 596 3
217 597 3
217 614 3
217 616 3
217 625 3
217 628 3
217 631 3
217 636 3
217 638 3
217 640 3
217 642 3
217 655 3
217 658 3
217 665 3
217 668 3
217 669 3
217 674 3
217 679 3
217 684 3
217 685 3
217 692 3
217 708 3
217 709 3
217 710 3
217 715 3
217 723 3
217 725 3
217 727 3
217 728 3
217 732 3
217 742 3
217 746 3
217 747 3
217 748 3
217 758 3
217 762 3
217 764 3
217 765 3
217 767 3
217 769 3
217 774 3
217 778 3
217 781 3
217 783 3
217 792 3
217 796 3
217 797 3
217 800 3
217 804 3
217 809 3
217 810 3
217 815 3
217 825 3
217 827 3
217 831 3
217 849 3
217 855 3
217 871 3
217 895 3
217 923 3
217 928 3
217 940 3
217 943 3
217 944 3
217 946 3
217 963 3
217 979 3
217 999 3
217 1000 3
218 258 5
218 288 5
218 301 2
218 313 3
218 327 1
218 269 3
218 302 3
218 304 3
218 315 3
218 328 3
218 331 3
218 333 3
218 344 3
218 346 3
218 362 3
218 750 3
218 895 3
218 899 3
219 50 5
219 604 5
219 615 5
219 617 4
219 705 5
219 14 5
219 79 5
219 89 5
219 100 5
219 134 5
219 173 5
219 181 5
219 223 5
219 257 5
219 275 5
219 286 5
219 306 5
219 405 5
219 478 5
219 488 5
219 514 5
220 14 5
220 270 3
220 283 5
220 288 3
220 475 4
220 19 4
220 86 4
220 100 4
220 116 4
220 137 4
220 251 4
220 275 4
220 301 4
220 302 4
220 319 4
220 331 4
220 408 4
220 478 4
220 484 4
220 508 4
220 513 4
220 603 4
220 750 4
220 753 4
221 89 5
221 172 5
221 219 3
221 474 4
221 674 5
221 4 4
221 7 4
221 11 4
221 12 4
221 50 4
221 56 4
221 82 4
221 87 4
221 96 4
221 100 4
221 117 4
221 124 4
221 127 4
221 129 4
221 144 4
221 156 4
221 164 4
221 174 4
221 175 4
221 176 4
221 182 4
221 183 4
221 185 4
221 187 4
221 194 4
221 200 4
221 213 4
221 218 4
221 234 4
221 238 4
221 302 4
221 333 4
221 443 4
221 448 4
221 466 4
221 516 4
221 517 4
221 603 4
221 653 4
221 657 4
221 672 4
221 709 4
221 879 4
221 914 4
221 915 4
222 273 5
222 742 2
222 760 3
222 854 4
222 867 3
222 1 3
222 5 3
222 15 3
222 50 3
222 53 3
222 93 3
222 98 3
222 100 3
222 109 3
222 117 3
222 124 3
222 126 3
222 127 3
222 129 3
222 137 3
222 151 3
222 181 3
222 184 3
222 200 3
222 201 3
222 217 3
222 219 3
222 222 3
222 235 3
222 250 3
222 257 3
222 258 3
222 260 3
222 270 3
222 275 3
222 276 3
222 286 3
222 287 3
222 288 3
222 293 3
222 294 3
222 299 3
222 307 3
222 324 3
222 325 3
222 326 3
222 327 3
222 334 3
222 358 3
222 370 3
222 379 3
222 396 3
222 410 3
222 436 3
222 447 3
222 448 3
222 452 3
222 458 3
222 475 3
222 477 3
222 515 3
222 551 3
222 558 3
222 559 3
222 561 3
222 590 3
222 665 3
222 670 3
222 671 3
222 672 3
222 682 3
222 919 3
222 922 3
222 926 3
223 9 5
223 125 2
223 750 5
223 924 4
223 977 1
223 15 3
223 127 3
223 148 3
223 237 3
223 245 3
223 258 3
223 269 3
223 272 3
223 276 3
223 282 3
223 286 3
223 299 3
223 300 3
223 302 3
223 304 3
223 307 3
223 310 3
223 313 3
223 315 3
223 322 3
223 323 3
223 326 3
223 327 3
223 328 3
223 329 3
223 333 3
223 340 3
223 344 3
223 347 3
223 348 3
223 355 3
223 471 3
223 546 3
223 591 3
223 628 3
223 678 3
223 689 3
223 690 3
223 696 3
223 744 3
223 748 3
223 751 3
223 754 3
223 823 3
223 879 3
223 898 3
224 14 4
224 100 5
224 289 5
224 681 3
224 683 3
224 1 4
224 9 4
224 15 4
224 25 4
224 50 4
224 115 4
224 127 4
224 151 4
224 172 4
224 243 4
224 261 4
224 275 4
224 288 4
224 294 4
224 310 4
224 323 4
224 333 4
224 427 4
224 435 4
224 508 4
224 538 4
224 689 4
224 740 4
224 882 4
224 989 4
225 38 3
225 168 5
225 250 4
225 540 2
225 568 3
225 1 3
225 2 3
225 7 3
225 17 3
225 22 3
225 24 3
225 32 3
225 39 3
225 53 3
225 55 3
225 56 3
225 62 3
225 68 3
225 79 3
225 82 3
225 83 3
225 98 3
225 100 3
225 117 3
225 118 3
225 121 3
225 124 3
225 127 3
225 144 3
225 145 3
225 147 3
225 156 3
225 171 3
225 172 3
225 174 3
225 176 3
225 177 3
225 178 3
225 180 3
225 183 3
225 185 3
225 187 3
225 188 3
225 191 3
225 195 3
225 198 3
225 200 3
225 201 3
225 204 3
225 207 3
225 209 3
225 210 3
225 218 3
225 219 3
225 222 3
225 227 3
225 229 3
225 230 3
225 231 3
225 232 3
225 234 3
225 241 3
225 244 3
225 252 3
225 257 3
225 259 3
225 271 3
225 272 3
225 273 3
225 281 3
225 286 3
225 288 3
225 289 3
225 298 3
225 302 3
225 305 3
225 307 3
225 310 3
225 313 3
225 316 3
225 318 3
225 322 3
225 323 3
225 324 3
225 325 3
225 327 3
225 333 3
225 338 3
225 340 3
225 343 3
225 346 3
225 355 3
225 357 3
225 358 3
225 362 3
225 363 3
225 379 3
225 385 3
225 398 3
225 424 3
225 429 3
225 445 3
225 447 3
225 448 3
225 452 3
225 474 3
225 475 3
225 491 3
225 515 3
225 520 3
225 522 3
225 529 3
225 538 3
225 550 3
225 562 3
225 566 3
225 573 3
225 576 3
225 583 3
225 590 3
225 597 3
225 636 3
225 669 3
225 670 3
225 675 3
225 678 3
225 679 3
225 686 3
225 689 3
225 690 3
225 748 3
225 750 3
225 751 3
225 759 3
225 823 3
225 825 3
225 831 3
225 841 3
225 853 3
225 877 3
225 879 3
225 895 3
225 912 3
225 943 3
225 976 3
226 204 3
226 427 5
226 432 3
226 527 3
226 607 4
226 23 4
226 50 4
226 98 4
226 99 4
226 132 4
226 133 4
226 134 4
226 135 4
226 168 4
226 174 4
226 178 4
226 182 4
226 185 4
226 191 4
226 194 4
226 196 4
226 197 4
226 199 4
226 200 4
226 208 4
226 211 4
226 318 4
226 332 4
226 418 4
226 428 4
226 429 4
226 430 4
226 435 4
226 474 4
226 478 4
226 480 4
226 483 4
226 486 4
226 488 4
226 490 4
226 491 4
226 492 4
226 493 4
226 494 4
226 504 4
226 505 4
226 510 4
226 511 4
226 524 4
226 525 4
226 526 4
226 601 4
226 603 4
226 605 4
226 606 4
226 608 4
226 610 4
226 613 4
226 614 4
226 616 4
226 631 4
226 633 4
226 646 4
226 648 4
226 651 4
226 653 4
226 654 4
226 655 4
226 657 4
226 673 4
226 705 4
226 754 4
226 835 4
226 836 4
226 848 4
227 258 4
227 286 4
227 319 3
227 332 5
227 341 5
227 245 4
227 263 4
227 292 4
227 300 4
227 302 4
227 303 4
227 304 4
227 328 4
227 359 4
227 680 4
227 681 4
227 682 4
227 688 4
227 874 4
227 937 4
227 938 4
227 989 4
227 990 4
228 268 4
228 271 2
228 313 5
228 538 4
228 908 4
228 243 4
228 259 4
228 272 4
228 286 4
228 289 4
228 294 4
228 300 4
228 301 4
228 305 4
228 307 4
228 312 4
228 316 4
228 322 4
228 323 4
228 326 4
228 329 4
228 331 4
228 332 4
228 334 4
228 338 4
228 340 4
228 343 4
228 344 4
228 347 4
228 350 4
228 690 4
228 750 4
228 875 4
228 877 4
228 879 4
228 886 4
228 896 4
228 988 4
229 47 4
229 153 4
229 433 3
229 806 2
229 928 2
229 1 3
229 2 3
229 3 3
229 4 3
229 7 3
229 8 3
229 12 3
229 15 3
229 21 3
229 22 3
229 23 3
229 24 3
229 26 3
229 28 3
229 31 3
229 32 3
229 45 3
229 48 3
229 50 3
229 52 3
229 53 3
229 55 3
229 56 3
229 58 3
229 62 3
229 63 3
229 64 3
229 66 3
229 68 3
229 69 3
229 70 3
229 72 3
229 73 3
229 77 3
229 79 3
229 81 3
229 82 3
229 83 3
229 85 3
229 86 3
229 87 3
229 88 3
229 89 3
229 90 3
229 91 3
229 92 3
229 93 3
229 95 3
229 96 3
229 97 3
229 101 3
229 109 3
229 114 3
229 117 3
229 118 3
229 123 3
229 124 3
229 127 3
229 128 3
229 132 3
229 133 3
229 134 3
229 137 3
229 140 3
229 141 3
229 143 3
229 144 3
229 150 3
229 151 3
229 154 3
229 157 3
229 159 3
229 161 3
229 162 3
229 163 3
229 164 3
229 165 3
229 166 3
229 168 3
229 170 3
229 172 3
229 174 3
229 178 3
229 179 3
229 181 3
229 183 3
229 184 3
229 185 3
229 186 3
229 188 3
229 190 3
229 191 3
229 193 3
229 195 3
229 197 3
229 201 3
229 202 3
229 203 3
229 207 3
229 208 3
229 209 3
229 210 3
229 211 3
229 214 3
229 216 3
229 218 3
229 219 3
229 223 3
229 225 3
229 229 3
229 232 3
229 233 3
229 237 3
229 238 3
229 248 3
229 249 3
229 250 3
229 258 3
229 264 3
229 265 3
229 273 3
229 274 3
229 275 3
229 276 3
229 277 3
229 280 3
229 281 3
229 282 3
229 283 3
229 288 3
229 290 3
229 291 3
229 298 3
229 301 3
229 318 3
229 319 3
229 321 3
229 338 3
229 340 3
229 356 3
229 365 3
229 366 3
229 367 3
229 371 3
229 378 3
229 382 3
229 385 3
229 387 3
229 392 3
229 393 3
229 403 3
229 404 3
229 405 3
229 410 3
229 411 3
229 415 3
229 418 3
229 419 3
229 423 3
229 427 3
229 428 3
229 430 3
229 431 3
229 432 3
229 435 3
229 436 3
229 441 3
229 448 3
229 455 3
229 457 3
229 464 3
229 466 3
229 467 3
229 468 3
229 470 3
229 473 3
229 475 3
229 480 3
229 481 3
229 482 3
229 483 3
229 484 3
229 485 3
229 491 3
229 493 3
229 495 3
229 496 3
229 499 3
229 500 3
229 502 3
229 504 3
229 505 3
229 508 3
229 511 3
229 514 3
229 520 3
229 527 3
229 531 3
229 535 3
229 537 3
229 546 3
229 549 3
229 550 3
229 559 3
229 566 3
229 568 3
229 569 3
229 570 3
229 578 3
229 581 3
229 584 3
229 591 3
229 602 3
229 603 3
229 611 3
229 625 3
229 627 3
229 628 3
229 629 3
229 631 3
229 633 3
229 635 3
229 636 3
229 640 3
229 642 3
229 652 3
229 654 3
229 655 3
229 658 3
229 662 3
229 665 3
229 671 3
229 672 3
229 673 3
229 679 3
229 684 3
229 686 3
229 692 3
229 693 3
229 700 3
229 702 3
229 705 3
229 708 3
229 709 3
229 710 3
229 726 3
229 729 3
229 732 3
229 735 3
229 742 3
229 744 3
229 747 3
229 755 3
229 756 3
229 761 3
229 762 3
229 763 3
229 768 3
229 780 3
229 794 3
229 804 3
229 805 3
229 820 3
229 826 3
229 833 3
229 845 3
229 847 3
229 921 3
229 941 3
229 944 3
229 961 3
229 967 3
229 972 3
230 164 3
230 234 4
230 300 3
230 302 4
230 436 4
230 9 4
230 10 4
230 12 4
230 19 4
230 42 4
230 50 4
230 56 4
230 98 4
230 100 4
230 101 4
230 117 4
230 124 4
230 129 4
230 137 4
230 148 4
230 152 4
230 165 4
230 181 4
230 221 4
230 222 4
230 237 4
230 248 4
230 253 4
230 258 4
230 264 4
230 273 4
230 276 4
230 286 4
230 288 4
230 293 4
230 294 4
230 318 4
230 328 4
230 462 4
230 514 4
230 515 4
230 527 4
230 528 4
230 547 4
230 628 4
230 656 4
230 674 4
230 744 4
231 300 4
231 307 3
231 538 4
231 690 3
231 754 3
231 245 3
231 286 3
231 302 3
231 322 3
231 323 3
231 327 3
231 358 3
231 689 3
231 748 3
231 879 3
231 988 3
232 24 1
232 246 4
232 274 3
232 276 4
232 295 3
232 1 3
232 3 3
232 7 3
232 50 3
232 93 3
232 100 3
232 108 3
232 109 3
232 111 3
232 117 3
232 118 3
232 121 3
232 123 3
232 150 3
232 151 3
232 181 3
232 222 3
232 237 3
232 248 3
232 249 3
232 250 3
232 257 3
232 258 3
232 284 3
232 294 3
232 300 3
232 315 3
232 322 3
232 405 3
232 410 3
232 411 3
232 471 3
232 508 3
232 546 3
232 620 3
232 628 3
232 678 3
232 742 3
232 763 3
232 815 3
232 844 3
232 845 3
232 864 3
232 871 3
233 12 5
233 194 5
233 303 4
233 322 2
233 340 3
233 50 4
233 59 4
233 60 4
233 95 4
233 173 4
233 174 4
233 246 4
233 268 4
233 269 4
233 273 4
233 276 4
233 293 4
233 294 4
233 302 4
233 323 4
233 325 4
233 326 4
233 333 4
233 358 4
233 435 4
233 474 4
233 507 4
233 657 4
233 682 4
233 690 4
233 748 4
233 754 4
233 919 4
234 121 4
234 151 5
234 287 5
234 369 4
234 844 3
234 7 4
234 9 4
234 111 4
234 125 4
234 147 4
234 148 4
234 220 4
234 225 4
234 237 4
234 274 4
234 275 4
234 283 4
234 288 4
234 347 4
234 406 4
234 471 4
234 476 4
234 477 4
234 546 4
234 628 4
234 743 4
234 756 4
234 763 4
234 815 4
234 819 4
234 833 4
234 928 4
234 975 4
235 95 3
235 357 4
235 474 3
235 578 5
235 885 3
235 1 4
235 3 4
235 4 4
235 5 4
235 7 4
235 9 4
235 11 4
235 12 4
235 15 4
235 21 4
235 22 4
235 23 4
235 24 4
235 25 4
235 27 4
235 28 4
235 29 4
235 31 4
235 38 4
235 40 4
235 42 4
235 45 4
235 49 4
235 50 4
235 52 4
235 54 4
235 62 4
235 63 4
235 64 4
235 67 4
235 68 4
235 69 4
235 71 4
235 72 4
235 73 4
235 80 4
235 81 4
235 82 4
235 83 4
235 85 4
235 86 4
235 89 4
235 90 4
235 96 4
235 100 4
235 105 4
235 108 4
235 109 4
235 111 4
235 115 4
235 117 4
235 118 4
235 121 4
235 122 4
235 123 4
235 125 4
235 128 4
235 132 4
235 135 4
235 136 4
235 141 4
235 148 4
235 151 4
235 152 4
235 153 4
235 154 4
235 156 4
235 157 4
235 159 4
235 160 4
235 161 4
235 162 4
235 163 4
235 164 4
235 167 4
235 168 4
235 171 4
235 172 4
235 173 4
235 174 4
235 175 4
235 176 4
235 182 4
235 183 4
235 184 4
235 185 4
235 186 4
235 187 4
235 188 4
235 190 4
235 191 4
235 195 4
235 196 4
235 199 4
235 200 4
235 204 4
235 206 4
235 211 4
235 214 4
235 215 4
235 216 4
235 217 4
235 218 4
235 219 4
235 222 4
235 225 4
235 226 4
235 227 4
235 228 4
235 229 4
235 230 4
235 234 4
235 239 4
235 240 4
235 245 4
235 246 4
235 250 4
235 252 4
235 254 4
235 255 4
235 257 4
235 258 4
235 260 4
235 264 4
235 273 4
235 284 4
235 290 4
235 291 4
235 294 4
235 299 4
235 300 4
235 307 4
235 313 4
235 317 4
235 318 4
235 321 4
235 327 4
235 331 4
235 338 4
235 343 4
235 351 4
235 354 4
235 358 4
235 367 4
235 369 4
235 376 4
235 380 4
235 381 4
235 382 4
235 384 4
235 385 4
235 386 4
235 392 4
235 393 4
235 394 4
235 399 4
235 402 4
235 403 4
235 404 4
235 410 4
235 411 4
235 413 4
235 423 4
235 424 4
235 431 4
235 433 4
235 434 4
235 435 4
235 436 4
235 443 4
235 447 4
235 448 4
235 451 4
235 455 4
235 462 4
235 465 4
235 470 4
235 473 4
235 476 4
235 520 4
235 541 4
235 542 4
235 546 4
235 550 4
235 554 4
235 561 4
235 562 4
235 566 4
235 567 4
235 568 4
235 569 4
235 571 4
235 572 4
235 573 4
235 576 4
235 577 4
235 584 4
235 587 4
235 588 4
235 597 4
235 616 4
235 625 4
235 628 4
235 631 4
235 637 4
235 640 4
235 649 4
235 652 4
235 655 4
235 659 4
235 665 4
235 672 4
235 673 4
235 674 4
235 675 4
235 679 4
235 684 4
235 693 4
235 696 4
235 697 4
235 710 4
235 713 4
235 715 4
235 717 4
235 720 4
235 729 4
235 732 4
235 743 4
235 746 4
235 748 4
235 751 4
235 752 4
235 756 4
235 760 4
235 762 4
235 780 4
235 781 4
235 786 4
235 790 4
235 792 4
235 797 4
235 800 4
235 820 4
235 821 4
235 825 4
235 826 4
235 831 4
235 834 4
235 841 4
235 845 4
235 862 4
235 890 4
235 895 4
235 924 4
235 926 4
235 928 4
235 929 4
235 943 4
235 944 4
235 961 4
235 977 4
235 983 4
236 99 3
236 219 5
236 313 5
236 660 4
236 721 3
236 21 4
236 23 4
236 26 4
236 38 4
236 39 4
236 43 4
236 47 4
236 65 4
236 66 4
236 72 4
236 73 4
236 83 4
236 90 4
236 92 4
236 95 4
236 96 4
236 98 4
236 102 4
236 111 4
236 125 4
236 127 4
236 132 4
236 133 4
236 157 4
236 159 4
236 161 4
236 168 4
236 172 4
236 174 4
236 179 4
236 182 4
236 186 4
236 200 4
236 204 4
236 215 4
236 216 4
236 217 4
236 218 4
236 226 4
236 238 4
236 265 4
236 276 4
236 287 4
236 288 4
236 325 4
236 327 4
236 340 4
236 347 4
236 367 4
236 381 4
236 392 4
236 400 4
236 411 4
236 433 4
236 441 4
236 447 4
236 454 4
236 503 4
236 504 4
236 506 4
236 537 4
236 546 4
236 553 4
236 559 4
236 568 4
236 581 4
236 585 4
236 595 4
236 628 4
236 642 4
236 649 4
236 655 4
236 658 4
236 708 4
236 710 4
236 715 4
236 723 4
236 739 4
236 742 4
236 746 4
236 748 4
236 761 4
236 762 4
236 763 4
236 785 4
236 787 4
236 790 4
236 794 4
236 821 4
236 845 4
236 895 4
236 974 4
237 50 5
237 170 5
237 180 4
237 479 5
237 707 3
237 5 4
237 11 4
237 12 4
237 14 4
237 28 4
237 30 4
237 42 4
237 47 4
237 51 4
237 56 4
237 58 4
237 65 4
237 69 4
237 70 4
237 77 4
237 79 4
237 82 4
237 83 4
237 86 4
237 87 4
237 88 4
237 89 4
237 90 4
237 91 4
237 95 4
237 97 4
237 98 4
237 99 4
237 111 4
237 116 4
237 118 4
237 124 4
237 131 4
237 132 4
237 133 4
237 134 4
237 137 4
237 143 4
237 144 4
237 145 4
237 151 4
237 154 4
237 155 4
237 161 4
237 162 4
237 165 4
237 166 4
237 168 4
237 173 4
237 174 4
237 176 4
237 179 4
237 181 4
237 183 4
237 185 4
237 186 4
237 190 4
237 191 4
237 195 4
237 197 4
237 204 4
237 207 4
237 208 4
237 211 4
237 212 4
237 213 4
237 214 4
237 216 4
237 217 4
237 218 4
237 219 4
237 229 4
237 234 4
237 237 4
237 238 4
237 239 4
237 244 4
237 253 4
237 254 4
237 265 4
237 275 4
237 276 4
237 281 4
237 283 4
237 286 4
237 287 4
237 288 4
237 292 4
237 301 4
237 318 4
237 378 4
237 381 4
237 387 4
237 393 4
237 402 4
237 404 4
237 412 4
237 415 4
237 418 4
237 419 4
237 421 4
237 423 4
237 428 4
237 432 4
237 433 4
237 435 4
237 436 4
237 447 4
237 450 4
237 451 4
237 463 4
237 466 4
237 473 4
237 478 4
237 480 4
237 482 4
237 483 4
237 484 4
237 485 4
237 496 4
237 497 4
237 499 4
237 501 4
237 507 4
237 512 4
237 514 4
237 517 4
237 518 4
237 521 4
237 523 4
237 559 4
237 566 4
237 581 4
237 582 4
237 583 4
237 584 4
237 588 4
237 603 4
237 607 4
237 614 4
237 629 4
237 640 4
237 642 4
237 651 4
237 652 4
237 654 4
237 655 4
237 657 4
237 658 4
237 660 4
237 663 4
237 665 4
237 672 4
237 674 4
237 683 4
237 684 4
237 692 4
237 696 4
237 697 4
237 698 4
237 699 4
237 702 4
237 705 4
237 708 4
237 709 4
237 710 4
237 727 4
237 730 4
237 732 4
237 736 4
237 737 4
237 739 4
237 746 4
237 747 4
237 748 4
237 753 4
237 755 4
237 770 4
237 778 4
237 781 4
237 794 4
237 812 4
237 842 4
237 843 4
237 946 4
237 955 4
237 969 4
238 15 4
238 255 4
238 286 2
238 864 3
238 866 5
238 1 4
238 9 4
238 21 4
238 50 4
238 100 4
238 118 4
238 121 4
238 181 4
238 220 4
238 237 4
238 245 4
238 269 4
238 280 4
238 321 4
238 471 4
238 476 4
238 815 4
238 845 4
239 14 5
239 246 4
239 307 3
239 591 4
239 895 3
239 7 4
239 13 4
239 93 4
239 100 4
239 121 4
239 125 4
239 147 4
239 237 4
239 240 4
239 242 4
239 257 4
239 273 4
239 276 4
239 282 4
239 285 4
239 288 4
239 293 4
239 300 4
239 301 4
239 405 4
239 475 4
240 171 5
240 313 4
240 736 5
240 749 3
240 751 3
240 70 4
240 86 4
240 198 4
240 242 4
240 243 4
240 271 4
240 272 4
240 283 4
240 300 4
240 310 4
240 312 4
240 319 4
240 323 4
240 328 4
240 329 4
240 340 4
240 350 4
240 512 4
240 515 4
240 582 4
240 690 4
240 750 4
240 886 4
240 904 4
240 921 4
240 937 4
240 971 4
240 988 4
241 7 4
241 117 4
241 259 3
241 294 4
241 683 2
241 1 3
241 9 3
241 15 3
241 25 3
241 121 3
241 288 3
241 313 3
241 342 3
241 405 3
241 751 3
242 14 1
242 29 3
242 67 3
242 98 4
242 576 2
242 7 3
242 11 3
242 12 3
242 17 3
242 22 3
242 26 3
242 27 3
242 31 3
242 33 3
242 38 3
242 39 3
242 41 3
242 42 3
242 44 3
242 53 3
242 54 3
242 55 3
242 56 3
242 62 3
242 64 3
242 68 3
242 79 3
242 82 3
242 100 3
242 117 3
242 129 3
242 144 3
242 150 3
242 154 3
242 156 3
242 159 3
242 161 3
242 168 3
242 174 3
242 176 3
242 177 3
242 182 3
242 184 3
242 186 3
242 195 3
242 203 3
242 204 3
242 209 3
242 210 3
242 217 3
242 219 3
242 226 3
242 228 3
242 229 3
242 230 3
242 231 3
242 234 3
242 240 3
242 273 3
242 276 3
242 281 3
242 286 3
242 288 3
242 294 3
242 318 3
242 342 3
242 350 3
242 367 3
242 385 3
242 401 3
242 403 3
242 410 3
242 436 3
242 449 3
242 452 3
242 482 3
242 508 3
242 546 3
242 550 3
242 554 3
242 559 3
242 569 3
242 572 3
242 578 3
242 591 3
242 628 3
242 635 3
242 636 3
242 665 3
242 672 3
242 684 3
242 685 3
242 695 3
242 710 3
242 746 3
242 769 3
242 780 3
242 800 3
242 810 3
242 834 3
242 873 3
242 943 3
242 975 3
242 979 3
242 988 3
243 12 5
243 294 5
243 327 4
243 343 5
243 644 3
243 258 4
243 271 4
243 286 4
243 309 4
243 313 4
243 323 4
243 340 4
243 358 4
243 678 4
243 687 4
244 251 5
244 275 4
244 751 4
244 906 4
244 912 4
244 9 4
244 50 4
244 100 4
244 245 4
244 258 4
244 271 4
244 300 4
244 313 4
244 515 4
244 678 4
244 748 4
244 916 4
245 23 3
245 100 2
245 237 2
245 293 3
245 410 1
245 7 2
245 9 2
245 12 2
245 28 2
245 50 2
245 55 2
245 64 2
245 79 2
245 87 2
245 117 2
245 118 2
245 121 2
245 123 2
245 127 2
245 144 2
245 147 2
245 150 2
245 174 2
245 181 2
245 195 2
245 203 2
245 204 2
245 208 2
245 209 2
245 221 2
245 235 2
245 245 2
245 246 2
245 248 2
245 268 2
245 273 2
245 276 2
245 291 2
245 295 2
245 302 2
245 310 2
245 313 2
245 324 2
245 325 2
245 330 2
245 333 2
245 340 2
245 346 2
245 405 2
245 408 2
245 460 2
245 475 2
245 479 2
245 480 2
245 504 2
245 544 2
245 591 2
245 595 2
245 597 2
245 603 2
245 628 2
245 644 2
245 689 2
245 742 2
245 744 2
245 748 2
245 752 2
245 762 2
245 763 2
245 818 2
245 823 2
245 829 2
245 831 2
245 840 2
245 844 2
245 845 2
245 871 2
245 881 2
245 886 2
245 895 2
245 908 2
245 919 2
245 959 2
245 979 2
246 301 3
246 327 2
246 334 3
246 359 3
246 690 2
246 268 3
246 269 3
246 270 3
246 286 3
246 288 3
246 292 3
246 294 3
246 302 3
246 303 3
246 306 3
246 311 3
246 326 3
246 328 3
246 332 3
246 688 3
246 748 3
246 754 3
246 880 3
246 883 3
246 887 3
246 888 3
247 11 4
247 91 4
247 121 5
247 133 4
247 469 4
247 1 4
247 5 4
247 7 4
247 9 4
247 17 4
247 27 4
247 28 4
247 31 4
247 55 4
247 56 4
247 65 4
247 68 4
247 69 4
247 70 4
247 85 4
247 89 4
247 96 4
247 98 4
247 100 4
247 111 4
247 117 4
247 123 4
247 135 4
247 144 4
247 147 4
247 148 4
247 150 4
247 151 4
247 153 4
247 156 4
247 157 4
247 158 4
247 174 4
247 176 4
247 180 4
247 183 4
247 204 4
247 206 4
247 209 4
247 218 4
247 222 4
247 227 4
247 231 4
247 233 4
247 234 4
247 248 4
247 252 4
247 258 4
247 260 4
247 281 4
247 284 4
247 286 4
247 288 4
247 290 4
247 293 4
247 298 4
247 300 4
247 367 4
247 405 4
247 410 4
247 435 4
247 447 4
247 470 4
247 483 4
247 484 4
247 498 4
247 544 4
247 546 4
247 559 4
247 582 4
247 591 4
247 597 4
247 629 4
247 642 4
247 678 4
247 742 4
247 748 4
247 760 4
247 815 4
247 823 4
247 845 4
247 866 4
247 879 4
247 926 4
247 963 4
247 981 4
248 286 2
248 319 5
248 340 4
248 896 5
248 900 3
248 262 4
248 268 4
248 269 4
248 271 4
248 292 4
248 301 4
248 303 4
248 304 4
248 305 4
248 307 4
248 316 4
248 321 4
248 327 4
248 333 4
248 338 4
248 344 4
248 345 4
248 360 4
248 750 4
248 884 4
248 887 4
248 902 4
249 224 4
249 269 5
249 291 2
249 473 3
249 748 2
249 9 3
249 15 3
249 59 3
249 60 3
249 61 3
249 100 3
249 105 3
249 117 3
249 118 3
249 122 3
249 127 3
249 137 3
249 170 3
249 171 3
249 179 3
249 212 3
249 244 3
249 248 3
249 251 3
249 273 3
249 276 3
249 282 3
249 285 3
249 286 3
249 288 3
249 293 3
249 310 3
249 337 3
249 381 3
249 410 3
249 459 3
249 546 3
249 558 3
249 702 3
249 742 3
249 753 3
249 763 3
249 936 3
249 971 3
249 983 3
250 90 4
250 402 4
250 451 4
250 705 4
250 951 4
250 1 4
250 2 4
250 3 4
250 4 4
250 7 4
250 10 4
250 12 4
250 13 4
250 15 4
250 26 4
250 28 4
250 29 4
250 35 4
250 38 4
250 39 4
250 49 4
250 51 4
250 54 4
250 56 4
250 58 4
250 60 4
250 64 4
250 65 4
250 66 4
250 67 4
250 70 4
250 71 4
250 73 4
250 77 4
250 79 4
250 80 4
250 81 4
250 82 4
250 83 4
250 86 4
250 87 4
250 88 4
250 89 4
250 92 4
250 94 4
250 95 4
250 97 4
250 98 4
250 99 4
250 100 4
250 101 4
250 110 4
250 112 4
250 114 4
250 117 4
250 121 4
250 123 4
250 125 4
250 126 4
250 127 4
250 131 4
250 132 4
250 133 4
250 134 4
250 135 4
250 136 4
250 139 4
250 141 4
250 142 4
250 143 4
250 144 4
250 145 4
250 152 4
250 153 4
250 154 4
250 155 4
250 157 4
250 158 4
250 161 4
250 162 4
250 163 4
250 164 4
250 166 4
250 167 4
250 168 4
250 169 4
250 173 4
250 174 4
250 176 4
250 177 4
250 179 4
250 180 4
250 182 4
250 183 4
250 185 4
250 187 4
250 191 4
250 192 4
250 193 4
250 194 4
250 195 4
250 196 4
250 197 4
250 199 4
250 200 4
250 202 4
250 203 4
250 204 4
250 205 4
250 207 4
250 208 4
250 210 4
250 211 4
250 215 4
250 216 4
250 218 4
250 222 4
250 223 4
250 225 4
250 226 4
250 227 4
250 229 4
250 231 4
250 233 4
250 237 4
250 238 4
250 239 4
250 241 4
250 245 4
250 252 4
250 254 4
250 258 4
250 264 4
250 265 4
250 269 4
250 270 4
250 272 4
250 274 4
250 275 4
250 277 4
250 278 4
250 280 4
250 281 4
250 282 4
250 283 4
250 287 4
250 288 4
250 290 4
250 292 4
250 294 4
250 299 4
250 300 4
250 301 4
250 302 4
250 304 4
250 305 4
250 310 4
250 311 4
250 312 4
250 313 4
250 315 4
250 316 4
250 328 4
250 332 4
250 340 4
250 354 4
250 357 4
250 367 4
250 371 4
250 373 4
250 378 4
250 380 4
250 381 4
250 382 4
250 383 4
250 384 4
250 385 4
250 387 4
250 393 4
250 395 4
250 396 4
250 400 4
250 401 4
250 414 4
250 416 4
250 417 4
250 418 4
250 419 4
250 421 4
250 422 4
250 427 4
250 428 4
250 430 4
250 431 4
250 432 4
250 433 4
250 434 4
250 435 4
250 443 4
250 448 4
250 455 4
250 462 4
250 465 4
250 467 4
250 468 4
250 469 4
250 470 4
250 471 4
250 472 4
250 474 4
250 476 4
250 477 4
250 478 4
250 479 4
250 480 4
250 481 4
250 482 4
250 483 4
250 484 4
250 487 4
250 488 4
250 490 4
250 491 4
250 493 4
250 494 4
250 495 4
250 496 4
250 497 4
250 499 4
250 500 4
250 502 4
250 503 4
250 505 4
250 506 4
250 507 4
250 509 4
250 510 4
250 511 4
250 514 4
250 518 4
250 520 4
250 523 4
250 525 4
250 526 4
250 527 4
250 528 4
250 530 4
250 535 4
250 549 4
250 550 4
250 553 4
250 557 4
250 558 4
250 559 4
250 561 4
250 566 4
250 568 4
250 570 4
250 582 4
250 583 4
250 589 4
250 591 4
250 602 4
250 604 4
250 606 4
250 607 4
250 608 4
250 609 4
250 610 4
250 611 4
250 612 4
250 613 4
250 614 4
250 618 4
250 620 4
250 622 4
250 629 4
250 630 4
250 631 4
250 632 4
250 633 4
250 637 4
250 642 4
250 647 4
250 648 4
250 650 4
250 651 4
250 655 4
250 657 4
250 659 4
250 660 4
250 661 4
250 663 4
250 673 4
250 679 4
250 685 4
250 686 4
250 689 4
250 692 4
250 693 4
250 700 4
250 704 4
250 707 4
250 708 4
250 709 4
250 710 4
250 712 4
250 714 4
250 715 4
250 716 4
250 717 4
250 723 4
250 727 4
250 728 4
250 729 4
250 731 4
250 735 4
250 736 4
250 739 4
250 742 4
250 747 4
250 748 4
250 751 4
250 761 4
250 762 4
250 765 4
250 771 4
250 774 4
250 775 4
250 778 4
250 783 4
250 785 4
250 790 4
250 792 4
250 794 4
250 801 4
250 807 4
250 815 4
250 821 4
250 823 4
250 832 4
250 837 4
250 842 4
250 845 4
250 846 4
250 847 4
250 865 4
250 869 4
250 873 4
250 878 4
250 900 4
250 902 4
250 904 4
250 905 4
250 908 4
250 921 4
250 923 4
250 926 4
250 928 4
250 934 4
250 936 4
250 939 4
250 940 4
250 942 4
250 956 4
250 965 4
250 966 4
250 967 4
250 969 4
251 262 1
251 289 1
251 305 3
251 319 2
251 682 4
251 242 2
251 243 2
251 259 2
251 260 2
251 263 2
251 264 2
251 268 2
251 269 2
251 270 2
251 286 2
251 288 2
251 292 2
251 294 2
251 299 2
251 300 2
251 301 2
251 303 2
251 307 2
251 308 2
251 322 2
251 323 2
251 325 2
251 327 2
251 328 2
251 329 2
251 330 2
251 331 2
251 332 2
251 333 2
251 336 2
251 337 2
251 359 2
251 360 2
251 457 2
251 680 2
251 681 2
251 683 2
251 687 2
251 688 2
251 690 2
251 749 2
251 872 2
251 874 2
251 875 2
251 877 2
251 879 2
251 880 2
251 881 2
251 882 2
251 883 2
251 884 2
251 937 2
251 938 2
251 984 2
251 989 2
251 991 2
251 995 2
252 73 3
252 168 4
252 171 4
252 432 2
252 492 4
252 7 3
252 8 3
252 14 3
252 22 3
252 25 3
252 27 3
252 45 3
252 48 3
252 52 3
252 58 3
252 60 3
252 61 3
252 62 3
252 64 3
252 66 3
252 69 3
252 70 3
252 79 3
252 86 3
252 88 3
252 89 3
252 96 3
252 97 3
252 99 3
252 111 3
252 121 3
252 124 3
252 127 3
252 132 3
252 134 3
252 135 3
252 136 3
252 143 3
252 152 3
252 154 3
252 156 3
252 161 3
252 162 3
252 163 3
252 170 3
252 173 3
252 174 3
252 180 3
252 181 3
252 183 3
252 185 3
252 186 3
252 187 3
252 188 3
252 191 3
252 194 3
252 195 3
252 197 3
252 201 3
252 202 3
252 203 3
252 204 3
252 207 3
252 211 3
252 212 3
252 216 3
252 234 3
252 237 3
252 243 3
252 245 3
252 259 3
252 269 3
252 276 3
252 286 3
252 294 3
252 318 3
252 371 3
252 384 3
252 404 3
252 418 3
252 419 3
252 420 3
252 423 3
252 427 3
252 430 3
252 435 3
252 443 3
252 455 3
252 458 3
252 461 3
252 462 3
252 465 3
252 467 3
252 472 3
252 479 3
252 482 3
252 483 3
252 485 3
252 488 3
252 490 3
252 491 3
252 494 3
252 495 3
252 496 3
252 498 3
252 502 3
252 506 3
252 509 3
252 510 3
252 513 3
252 517 3
252 518 3
252 521 3
252 523 3
252 526 3
252 530 3
252 531 3
252 554 3
252 576 3
252 588 3
252 597 3
252 603 3
252 609 3
252 614 3
252 615 3
252 624 3
252 631 3
252 636 3
252 641 3
252 648 3
252 654 3
252 659 3
252 660 3
252 684 3
252 729 3
252 736 3
252 780 3
252 781 3
252 792 3
252 805 3
252 815 3
252 856 3
252 863 3
252 874 3
252 924 3
252 947 3
252 969 3
252 971 3
253 254 2
253 384 2
253 508 4
253 509 4
253 628 3
253 3 3
253 4 3
253 7 3
253 9 3
253 11 3
253 12 3
253 17 3
253 22 3
253 24 3
253 33 3
253 42 3
253 48 3
253 49 3
253 50 3
253 53 3
253 59 3
253 68 3
253 69 3
253 73 3
253 77 3
253 79 3
253 80 3
253 93 3
253 94 3
253 97 3
253 98 3
253 100 3
253 117 3
253 122 3
253 125 3
253 132 3
253 143 3
253 154 3
253 156 3
253 157 3
253 158 3
253 164 3
253 168 3
253 172 3
253 174 3
253 181 3
253 184 3
253 186 3
253 188 3
253 196 3
253 204 3
253 210 3
253 214 3
253 223 3
253 231 3
253 233 3
253 234 3
253 238 3
253 239 3
253 246 3
253 248 3
253 258 3
253 268 3
253 276 3
253 288 3
253 298 3
253 318 3
253 354 3
253 356 3
253 357 3
253 364 3
253 367 3
253 369 3
253 385 3
253 393 3
253 401 3
253 402 3
253 410 3
253 412 3
253 416 3
253 421 3
253 423 3
253 424 3
253 427 3
253 456 3
253 471 3
253 475 3
253 476 3
253 496 3
253 515 3
253 550 3
253 552 3
253 566 3
253 568 3
253 578 3
253 586 3
253 591 3
253 651 3
253 655 3
253 684 3
253 693 3
253 697 3
253 717 3
253 721 3
253 742 3
253 871 3
253 959 3
253 963 3
253 975 3
254 133 4
254 134 3
254 245 3
254 248 3
254 724 3
254 1 3
254 11 3
254 12 3
254 15 3
254 22 3
254 28 3
254 50 3
254 51 3
254 55 3
254 56 3
254 58 3
254 66 3
254 69 3
254 70 3
254 73 3
254 76 3
254 77 3
254 79 3
254 82 3
254 87 3
254 88 3
254 89 3
254 96 3
254 97 3
254 98 3
254 99 3
254 100 3
254 107 3
254 114 3
254 117 3
254 118 3
254 121 3
254 124 3
254 131 3
254 136 3
254 143 3
254 144 3
254 153 3
254 161 3
254 162 3
254 164 3
254 169 3
254 172 3
254 173 3
254 174 3
254 181 3
254 182 3
254 185 3
254 191 3
254 193 3
254 194 3
254 195 3
254 196 3
254 197 3
254 199 3
254 202 3
254 203 3
254 204 3
254 210 3
254 211 3
254 215 3
254 222 3
254 228 3
254 234 3
254 237 3
254 250 3
254 255 3
254 257 3
254 258 3
254 259 3
254 260 3
254 270 3
254 272 3
254 277 3
254 279 3
254 286 3
254 289 3
254 293 3
254 300 3
254 310 3
254 315 3
254 316 3
254 317 3
254 318 3
254 322 3
254 323 3
254 326 3
254 356 3
254 357 3
254 378 3
254 385 3
254 392 3
254 404 3
254 414 3
254 418 3
254 419 3
254 423 3
254 427 3
254 431 3
254 434 3
254 435 3
254 451 3
254 454 3
254 465 3
254 468 3
254 474 3
254 478 3
254 479 3
254 482 3
254 483 3
254 484 3
254 485 3
254 487 3
254 490 3
254 492 3
254 493 3
254 496 3
254 497 3
254 507 3
254 509 3
254 519 3
254 520 3
254 526 3
254 528 3
254 531 3
254 566 3
254 568 3
254 603 3
254 605 3
254 607 3
254 610 3
254 612 3
254 614 3
254 627 3
254 631 3
254 633 3
254 642 3
254 649 3
254 651 3
254 654 3
254 655 3
254 657 3
254 659 3
254 660 3
254 661 3
254 678 3
254 685 3
254 686 3
254 692 3
254 693 3
254 694 3
254 705 3
254 707 3
254 735 3
254 736 3
254 740 3
254 742 3
254 746 3
254 836 3
254 837 3
254 842 3
254 873 3
254 875 3
254 879 3
254 939 3
254 945 3
254 956 3
254 961 3
254 968 3
255 40 3
255 241 4
255 288 2
255 301 2
255 423 5
255 1 3
255 2 3
255 4 3
255 7 3
255 8 3
255 9 3
255 12 3
255 14 3
255 17 3
255 20 3
255 24 3
255 25 3
255 31 3
255 39 3
255 42 3
255 44 3
255 47 3
255 53 3
255 56 3
255 57 3
255 58 3
255 64 3
255 65 3
255 69 3
255 70 3
255 71 3
255 87 3
255 89 3
255 95 3
255 96 3
255 97 3
255 98 3
255 100 3
255 118 3
255 123 3
255 125 3
255 126 3
255 127 3
255 135 3
255 148 3
255 161 3
255 170 3
255 173 3
255 174 3
255 176 3
255 191 3
255 196 3
255 197 3
255 204 3
255 214 3
255 217 3
255 222 3
255 223 3
255 228 3
255 234 3
255 237 3
255 245 3
255 252 3
255 255 3
255 257 3
255 265 3
255 270 3
255 275 3
255 276 3
255 277 3
255 279 3
255 281 3
255 282 3
255 289 3
255 291 3
255 292 3
255 293 3
255 298 3
255 300 3
255 304 3
255 307 3
255 313 3
255 317 3
255 318 3
255 321 3
255 323 3
255 334 3
255 343 3
255 380 3
255 382 3
255 393 3
255 402 3
255 405 3
255 428 3
255 447 3
255 455 3
255 462 3
255 465 3
255 471 3
255 475 3
255 504 3
255 508 3
255 511 3
255 515 3
255 518 3
255 529 3
255 531 3
255 549 3
255 582 3
255 584 3
255 591 3
255 597 3
255 627 3
255 628 3
255 629 3
255 647 3
255 660 3
255 678 3
255 692 3
255 694 3
255 709 3
255 724 3
255 727 3
255 738 3
255 747 3
255 755 3
255 778 3
255 898 3
255 934 3
255 939 3
256 9 3
256 71 3
256 121 2
256 200 4
256 616 3
256 1 3
256 3 3
256 4 3
256 12 3
256 13 3
256 22 3
256 23 3
256 32 3
256 42 3
256 46 3
256 50 3
256 53 3
256 54 3
256 57 3
256 60 3
256 61 3
256 68 3
256 69 3
256 79 3
256 80 3
256 86 3
256 91 3
256 92 3
256 95 3
256 97 3
256 99 3
256 100 3
256 101 3
256 111 3
256 125 3
256 127 3
256 133 3
256 135 3
256 143 3
256 161 3
256 168 3
256 170 3
256 172 3
256 174 3
256 175 3
256 177 3
256 179 3
256 180 3
256 181 3
256 182 3
256 185 3
256 186 3
256 187 3
256 188 3
256 194 3
256 196 3
256 197 3
256 202 3
256 208 3
256 210 3
256 211 3
256 216 3
256 218 3
256 222 3
256 226 3
256 228 3
256 231 3
256 232 3
256 234 3
256 238 3
256 268 3
256 273 3
256 274 3
256 282 3
256 286 3
256 294 3
256 325 3
256 346 3
256 357 3
256 366 3
256 369 3
256 380 3
256 403 3
256 410 3
256 414 3
256 419 3
256 421 3
256 423 3
256 427 3
256 431 3
256 432 3
256 433 3
256 443 3
256 447 3
256 448 3
256 449 3
256 452 3
256 460 3
256 461 3
256 462 3
256 474 3
256 475 3
256 479 3
256 484 3
256 490 3
256 498 3
256 505 3
256 506 3
256 508 3
256 523 3
256 546 3
256 559 3
256 568 3
256 578 3
256 581 3
256 582 3
256 603 3
256 608 3
256 640 3
256 655 3
256 658 3
256 660 3
256 662 3
256 672 3
256 673 3
256 693 3
256 696 3
256 708 3
256 710 3
256 715 3
256 720 3
256 721 3
256 737 3
256 743 3
256 763 3
256 789 3
256 806 3
256 818 3
256 845 3
256 864 3
256 919 3
256 922 3
256 933 3
256 943 3
256 955 3
256 959 3
256 963 3
256 979 3
256 985 3
257 83 5
257 132 5
257 195 5
257 366 4
257 756 2
257 4 4
257 7 4
257 8 4
257 9 4
257 11 4
257 12 4
257 14 4
257 15 4
257 20 4
257 22 4
257 27 4
257 31 4
257 38 4
257 44 4
257 45 4
257 48 4
257 50 4
257 51 4
257 52 4
257 53 4
257 54 4
257 56 4
257 57 4
257 58 4
257 59 4
257 62 4
257 64 4
257 65 4
257 66 4
257 70 4
257 77 4
257 79 4
257 82 4
257 86 4
257 89 4
257 91 4
257 94 4
257 96 4
257 97 4
257 100 4
257 105 4
257 111 4
257 114 4
257 117 4
257 118 4
257 122 4
257 127 4
257 134 4
257 137 4
257 143 4
257 144 4
257 148 4
257 151 4
257 155 4
257 156 4
257 157 4
257 161 4
257 162 4
257 164 4
257 168 4
257 172 4
257 173 4
257 174 4
257 176 4
257 180 4
257 181 4
257 182 4
257 183 4
257 185 4
257 186 4
257 190 4
257 191 4
257 192 4
257 193 4
257 194 4
257 196 4
257 197 4
257 200 4
257 203 4
257 204 4
257 209 4
257 214 4
257 215 4
257 216 4
257 218 4
257 219 4
257 223 4
257 226 4
257 228 4
257 229 4
257 230 4
257 231 4
257 232 4
257 234 4
257 235 4
257 237 4
257 239 4
257 240 4
257 241 4
257 243 4
257 248 4
257 257 4
257 258 4
257 265 4
257 282 4
257 285 4
257 288 4
257 304 4
257 318 4
257 357 4
257 370 4
257 372 4
257 373 4
257 378 4
257 380 4
257 385 4
257 393 4
257 395 4
257 401 4
257 402 4
257 403 4
257 405 4
257 410 4
257 411 4
257 412 4
257 417 4
257 425 4
257 428 4
257 436 4
257 443 4
257 448 4
257 450 4
257 452 4
257 453 4
257 455 4
257 456 4
257 458 4
257 462 4
257 469 4
257 470 4
257 471 4
257 472 4
257 473 4
257 474 4
257 476 4
257 483 4
257 500 4
257 507 4
257 509 4
257 527 4
257 529 4
257 531 4
257 540 4
257 546 4
257 549 4
257 553 4
257 554 4
257 559 4
257 566 4
257 568 4
257 582 4
257 584 4
257 588 4
257 597 4
257 623 4
257 628 4
257 629 4
257 631 4
257 632 4
257 636 4
257 640 4
257 651 4
257 655 4
257 658 4
257 664 4
257 673 4
257 679 4
257 692 4
257 699 4
257 704 4
257 708 4
257 709 4
257 717 4
257 720 4
257 722 4
257 727 4
257 729 4
257 732 4
257 739 4
257 742 4
257 744 4
257 747 4
257 755 4
257 758 4
257 769 4
257 770 4
257 775 4
257 783 4
257 792 4
257 819 4
257 825 4
257 841 4
257 845 4
257 871 4
257 931 4
257 934 4
257 948 4
257 949 4
257 959 4
257 980 4
258 13 4
258 181 2
258 283 5
258 330 3
258 597 3
258 8 3
258 9 3
258 12 3
258 14 3
258 20 3
258 23 3
258 25 3
258 28 3
258 32 3
258 48 3
258 50 3
258 57 3
258 58 3
258 86 3
258 96 3
258 98 3
258 117 3
258 121 3
258 124 3
258 126 3
258 127 3
258 129 3
258 134 3
258 143 3
258 144 3
258 147 3
258 152 3
258 169 3
258 174 3
258 178 3
258 179 3
258 180 3
258 182 3
258 183 3
258 187 3
258 189 3
258 190 3
258 191 3
258 192 3
258 193 3
258 195 3
258 203 3
258 208 3
258 209 3
258 234 3
258 237 3
258 238 3
258 245 3
258 250 3
258 255 3
258 273 3
258 278 3
258 282 3
258 284 3
258 285 3
258 286 3
258 287 3
258 288 3
258 289 3
258 293 3
258 298 3
258 301 3
258 304 3
258 307 3
258 317 3
258 318 3
258 319 3
258 321 3
258 333 3
258 346 3
258 357 3
258 387 3
258 405 3
258 408 3
258 410 3
258 423 3
258 425 3
258 427 3
258 430 3
258 461 3
258 467 3
258 469 3
258 473 3
258 474 3
258 496 3
258 509 3
258 514 3
258 517 3
258 521 3
258 526 3
258 529 3
258 530 3
258 546 3
258 582 3
258 588 3
258 589 3
258 591 3
258 596 3
258 603 3
258 632 3
258 644 3
258 648 3
258 651 3
258 654 3
258 663 3
258 685 3
258 694 3
258 696 3
258 704 3
258 709 3
258 717 3
258 736 3
258 742 3
258 744 3
258 750 3
258 753 3
258 792 3
258 844 3
258 847 3
258 896 3
258 925 3
258 939 3
258 952 3
258 956 3
258 980 3
259 134 3
259 252 4
259 336 2
259 546 1
259 832 3
259 1 3
259 3 3
259 7 3
259 8 3
259 15 3
259 16 3
259 19 3
259 22 3
259 25 3
259 79 3
259 100 3
259 108 3
259 111 3
259 117 3
259 120 3
259 121 3
259 123 3
259 147 3
259 148 3
259 164 3
259 172 3
259 174 3
259 181 3
259 194 3
259 216 3
259 220 3
259 222 3
259 225 3
259 230 3
259 245 3
259 249 3
259 250 3
259 255 3
259 258 3
259 260 3
259 264 3
259 274 3
259 278 3
259 282 3
259 286 3
259 289 3
259 291 3
259 295 3
259 300 3
259 301 3
259 322 3
259 323 3
259 328 3
259 332 3
259 333 3
259 357 3
259 358 3
259 411 3
259 472 3
259 473 3
259 523 3
259 568 3
259 596 3
259 597 3
259 651 3
259 676 3
259 678 3
259 685 3
259 687 3
259 742 3
259 748 3
259 815 3
259 825 3
259 827 3
259 846 3
259 864 3
259 866 3
259 873 3
259 879 3
259 934 3
259 969 3
259 978 3
259 989 3
259 993 3
260 221 4
260 248 4
260 302 4
260 313 4
260 327 4
260 1 4
260 7 4
260 10 4
260 14 4
260 20 4
260 117 4
260 127 4
260 129 4
260 146 4
260 149 4
260 224 4
260 242 4
260 250 4
260 253 4
260 257 4
260 258 4
260 273 4
260 275 4
260 276 4
260 279 4
260 285 4
260 286 4
260 289 4
260 293 4
260 294 4
260 297 4
260 301 4
260 303 4
260 307 4
260 311 4
260 322 4
260 458 4
260 515 4
260 532 4
260 591 4
260 676 4
260 713 4
260 744 4
260 847 4
261 158 2
261 259 2
261 269 3
261 347 4
261 682 1
261 9 2
261 50 2
261 121 2
261 242 2
261 255 2
261 285 2
261 302 2
261 304 2
261 313 2
261 319 2
261 321 2
262 22 5
262 136 4
262 321 5
262 358 1
262 682 5
262 11 4
262 100 4
262 237 4
262 259 4
262 271 4
262 272 4
262 288 4
262 289 4
262 292 4
262 300 4
262 310 4
262 313 4
262 315 4
262 323 4
262 330 4
262 332 4
262 678 4
262 866 4
262 895 4
263 10 1
263 127 5
263 248 3
263 282 3
263 596 3
263 3 3
263 7 3
263 13 3
263 14 3
263 15 3
263 20 3
263 21 3
263 24 3
263 50 3
263 93 3
263 100 3
263 103 3
263 107 3
263 112 3
263 116 3
263 117 3
263 121 3
263 124 3
263 126 3
263 137 3
263 147 3
263 149 3
263 150 3
263 151 3
263 221 3
263 224 3
263 225 3
263 235 3
263 242 3
263 243 3
263 244 3
263 249 3
263 250 3
263 253 3
263 257 3
263 258 3
263 268 3
263 270 3
263 274 3
263 283 3
263 284 3
263 285 3
263 288 3
263 301 3
263 304 3
263 306 3
263 310 3
263 311 3
263 319 3
263 347 3
263 362 3
263 410 3
263 455 3
263 472 3
263 473 3
263 475 3
263 477 3
263 508 3
263 544 3
263 593 3
263 597 3
263 689 3
263 741 3
263 744 3
263 751 3
263 813 3
263 819 3
263 845 3
263 864 3
263 870 3
263 880 3
263 887 3
263 926 3
263 930 3
263 950 3
263 952 3
263 988 3
263 993 3
264 194 5
264 293 5
264 301 4
264 358 3
264 748 4
264 16 4
264 116 4
264 176 4
264 181 4
264 248 4
264 258 4
264 260 4
264 264 4
264 269 4
264 286 4
264 289 4
264 294 4
264 298 4
264 300 4
264 302 4
264 321 4
264 322 4
264 326 4
264 328 4
264 333 4
264 482 4
264 603 4
264 678 4
264 705 4
264 709 4
264 879 4
264 984 4
265 28 3
265 109 3
265 423 3
265 656 3
265 705 4
265 1 3
265 7 3
265 8 3
265 12 3
265 22 3
265 32 3
265 50 3
265 56 3
265 64 3
265 87 3
265 97 3
265 100 3
265 114 3
265 132 3
265 134 3
265 136 3
265 143 3
265 154 3
265 169 3
265 172 3
265 174 3
265 175 3
265 179 3
265 180 3
265 181 3
265 190 3
265 191 3
265 194 3
265 198 3
265 199 3
265 202 3
265 216 3
265 257 3
265 258 3
265 283 3
265 286 3
265 300 3
265 318 3
265 319 3
265 395 3
265 404 3
265 428 3
265 474 3
265 475 3
265 477 3
265 478 3
265 481 3
265 496 3
265 511 3
265 525 3
265 529 3
265 584 3
265 588 3
265 603 3
265 615 3
265 638 3
265 651 3
265 855 3
266 128 2
266 181 4
266 357 4
266 902 5
266 995 5
266 2 4
266 11 4
266 22 4
266 24 4
266 27 4
266 50 4
266 55 4
266 56 4
266 62 4
266 68 4
266 79 4
266 82 4
266 87 4
266 89 4
266 95 4
266 96 4
266 98 4
266 117 4
266 127 4
266 144 4
266 172 4
266 174 4
266 176 4
266 182 4
266 183 4
266 184 4
266 187 4
266 188 4
266 210 4
266 231 4
266 232 4
266 258 4
266 265 4
266 268 4
266 269 4
266 273 4
266 288 4
266 292 4
266 294 4
266 302 4
266 306 4
266 308 4
266 313 4
266 315 4
266 321 4
266 324 4
266 326 4
266 327 4
266 328 4
266 331 4
266 333 4
266 334 4
266 344 4
266 346 4
266 349 4
266 350 4
266 354 4
266 385 4
266 405 4
266 455 4
266 518 4
266 546 4
266 550 4
266 566 4
266 568 4
266 651 4
266 682 4
266 748 4
266 873 4
266 882 4
266 885 4
266 898 4
266 908 4
267 7 5
267 100 5
267 269 4
267 276 5
267 327 4
267 1 5
267 10 5
267 24 5
267 50 5
267 93 5
267 108 5
267 109 5
267 117 5
267 124 5
267 150 5
267 240 5
267 246 5
267 248 5
267 249 5
267 257 5
267 264 5
267 268 5
267 273 5
267 288 5
267 298 5
267 340 5
267 455 5
267 475 5
267 742 5
267 762 5
267 919 5
268 157 4
268 192 4
268 246 5
268 293 5
268 662 4
268 1 4
268 4 4
268 7 4
268 8 4
268 12 4
268 13 4
268 15 4
268 19 4
268 22 4
268 23 4
268 25 4
268 31 4
268 39 4
268 42 4
268 47 4
268 51 4
268 56 4
268 58 4
268 69 4
268 70 4
268 71 4
268 95 4
268 96 4
268 97 4
268 98 4
268 100 4
268 111 4
268 116 4
268 118 4
268 121 4
268 126 4
268 132 4
268 137 4
268 144 4
268 150 4
268 153 4
268 159 4
268 160 4
268 170 4
268 172 4
268 173 4
268 178 4
268 180 4
268 181 4
268 182 4
268 191 4
268 195 4
268 200 4
268 209 4
268 214 4
268 216 4
268 222 4
268 238 4
268 249 4
268 251 4
268 257 4
268 258 4
268 273 4
268 275 4
268 283 4
268 285 4
268 294 4
268 297 4
268 318 4
268 321 4
268 357 4
268 367 4
268 372 4
268 377 4
268 405 4
268 411 4
268 423 4
268 427 4
268 428 4
268 435 4
268 461 4
268 462 4
268 469 4
268 471 4
268 475 4
268 498 4
268 507 4
268 529 4
268 544 4
268 582 4
268 603 4
268 612 4
268 642 4
268 655 4
268 692 4
268 699 4
268 724 4
268 742 4
268 826 4
268 856 4
268 926 4
268 952 4
269 199 4
269 215 4
269 530 5
269 656 5
269 923 5
269 10 5
269 64 5
269 65 5
269 127 5
269 134 5
269 136 5
269 153 5
269 173 5
269 194 5
269 286 5
269 306 5
269 474 5
269 483 5
269 484 5
269 490 5
269 495 5
269 499 5
269 507 5
269 511 5
269 513 5
269 520 5
269 582 5
269 605 5
269 610 5
269 611 5
269 641 5
269 654 5
269 705 5
269 855 5
270 1 3
270 7 3
270 181 4
270 268 2
270 824 4
270 9 3
270 13 3
270 19 3
270 50 3
270 93 3
270 100 3
270 118 3
270 125 3
270 137 3
270 150 3
270 221 3
270 235 3
270 246 3
270 248 3
270 257 3
270 258 3
270 276 3
270 283 3
270 284 3
270 285 3
270 286 3
270 288 3
270 293 3
270 294 3
270 295 3
270 360 3
270 458 3
270 471 3
270 475 3
270 508 3
270 544 3
270 546 3
270 813 3
270 847 3
270 919 3
270 950 3
270 952 3
271 8 5
271 94 5
271 95 4
271 418 3
271 501 3
271 1 4
271 50 4
271 99 4
271 102 4
271 140 4
271 151 4
271 225 4
271 404 4
271 422 4
271 465 4
271 477 4
271 588 4
271 596 4
271 768 4
271 878 4
271 932 4
271 969 4
272 121 5
272 609 5
272 689 4
272 746 5
272 946 2
272 1 4
272 2 4
272 3 4
272 4 4
272 7 4
272 11 4
272 12 4
272 21 4
272 24 4
272 27 4
272 28 4
272 29 4
272 33 4
272 38 4
272 41 4
272 43 4
272 49 4
272 51 4
272 56 4
272 63 4
272 64 4
272 66 4
272 68 4
272 69 4
272 71 4
272 72 4
272 73 4
272 78 4
272 79 4
272 80 4
272 82 4
272 88 4
272 90 4
272 94 4
272 97 4
272 99 4
272 101 4
272 109 4
272 117 4
272 118 4
272 120 4
272 122 4
272 123 4
272 132 4
272 135 4
272 141 4
272 151 4
272 161 4
272 168 4
272 172 4
272 173 4
272 174 4
272 175 4
272 177 4
272 181 4
272 183 4
272 185 4
272 186 4
272 193 4
272 195 4
272 196 4
272 204 4
272 210 4
272 215 4
272 217 4
272 218 4
272 226 4
272 228 4
272 229 4
272 232 4
272 233 4
272 234 4
272 239 4
272 240 4
272 250 4
272 254 4
272 255 4
272 258 4
272 260 4
272 271 4
272 288 4
272 313 4
272 318 4
272 323 4
272 343 4
272 355 4
272 358 4
272 362 4
272 365 4
272 368 4
272 370 4
272 373 4
272 374 4
272 375 4
272 378 4
272 380 4
272 384 4
272 386 4
272 391 4
272 392 4
272 393 4
272 395 4
272 400 4
272 401 4
272 404 4
272 411 4
272 416 4
272 417 4
272 418 4
272 431 4
272 443 4
272 449 4
272 455 4
272 465 4
272 473 4
272 475 4
272 477 4
272 485 4
272 496 4
272 501 4
272 540 4
272 541 4
272 546 4
272 548 4
272 550 4
272 552 4
272 559 4
272 561 4
272 562 4
272 567 4
272 568 4
272 569 4
272 576 4
272 577 4
272 578 4
272 584 4
272 588 4
272 597 4
272 625 4
272 633 4
272 655 4
272 658 4
272 665 4
272 672 4
272 682 4
272 685 4
272 715 4
272 720 4
272 739 4
272 742 4
272 743 4
272 747 4
272 748 4
272 751 4
272 755 4
272 756 4
272 758 4
272 760 4
272 763 4
272 768 4
272 771 4
272 780 4
272 790 4
272 796 4
272 810 4
272 826 4
272 834 4
272 877 4
272 890 4
272 895 4
272 924 4
272 928 4
272 930 4
272 931 4
272 940 4
272 951 4
272 977 4
273 7 2
273 10 3
273 256 4
273 268 5
273 813 3
273 9 3
273 14 3
273 25 3
273 116 3
273 124 3
273 129 3
273 137 3
273 242 3
273 257 3
273 273 3
273 275 3
273 276 3
273 293 3
273 302 3
273 303 3
273 319 3
273 321 3
273 327 3
273 508 3
273 547 3
274 70 4
274 117 4
274 168 3
274 265 5
274 462 4
274 7 4
274 8 4
274 11 4
274 12 4
274 13 4
274 14 4
274 15 4
274 22 4
274 23 4
274 26 4
274 42 4
274 44 4
274 45 4
274 48 4
274 50 4
274 52 4
274 58 4
274 60 4
274 61 4
274 64 4
274 66 4
274 68 4
274 69 4
274 71 4
274 72 4
274 73 4
274 76 4
274 77 4
274 79 4
274 83 4
274 86 4
274 87 4
274 88 4
274 89 4
274 92 4
274 97 4
274 98 4
274 99 4
274 100 4
274 107 4
274 116 4
274 121 4
274 131 4
274 132 4
274 134 4
274 135 4
274 136 4
274 141 4
274 150 4
274 161 4
274 170 4
274 171 4
274 172 4
274 173 4
274 175 4
274 176 4
274 178 4
274 179 4
274 180 4
274 181 4
274 182 4
274 183 4
274 191 4
274 192 4
274 193 4
274 194 4
274 195 4
274 196 4
274 198 4
274 199 4
274 203 4
274 205 4
274 207 4
274 208 4
274 209 4
274 210 4
274 211 4
274 212 4
274 215 4
274 216 4
274 218 4
274 221 4
274 227 4
274 230 4
274 234 4
274 237 4
274 238 4
274 244 4
274 248 4
274 252 4
274 257 4
274 258 4
274 274 4
274 275 4
274 276 4
274 282 4
274 283 4
274 285 4
274 286 4
274 288 4
274 289 4
274 291 4
274 293 4
274 298 4
274 302 4
274 313 4
274 315 4
274 316 4
274 317 4
274 322 4
274 326 4
274 346 4
274 356 4
274 380 4
274 382 4
274 385 4
274 410 4
274 414 4
274 416 4
274 418 4
274 419 4
274 430 4
274 434 4
274 435 4
274 436 4
274 461 4
274 463 4
274 470 4
274 474 4
274 475 4
274 478 4
274 480 4
274 481 4
274 483 4
274 484 4
274 486 4
274 488 4
274 489 4
274 490 4
274 491 4
274 493 4
274 495 4
274 496 4
274 497 4
274 498 4
274 499 4
274 503 4
274 506 4
274 507 4
274 508 4
274 510 4
274 511 4
274 513 4
274 514 4
274 517 4
274 518 4
274 519 4
274 520 4
274 521 4
274 525 4
274 526 4
274 527 4
274 528 4
274 529 4
274 530 4
274 553 4
274 566 4
274 584 4
274 591 4
274 601 4
274 602 4
274 603 4
274 604 4
274 605 4
274 607 4
274 610 4
274 614 4
274 615 4
274 617 4
274 618 4
274 628 4
274 633 4
274 641 4
274 642 4
274 646 4
274 648 4
274 649 4
274 651 4
274 653 4
274 657 4
274 659 4
274 660 4
274 661 4
274 664 4
274 676 4
274 684 4
274 685 4
274 692 4
274 696 4
274 697 4
274 699 4
274 705 4
274 707 4
274 708 4
274 709 4
274 735 4
274 736 4
274 744 4
274 756 4
274 789 4
274 792 4
274 836 4
274 848 4
274 921 4
274 923 4
274 939 4
274 943 4
274 945 4
274 963 4
274 966 4
274 971 4
274 996 4
275 127 4
275 286 2
275 313 2
275 316 5
275 902 5
275 50 4
275 70 4
275 100 4
275 259 4
275 315 4
275 347 4
275 381 4
276 63 3
276 204 4
276 294 3
276 435 3
276 890 1
276 4 3
276 26 3
276 33 3
276 42 3
276 56 3
276 67 3
276 72 3
276 73 3
276 80 3
276 83 3
276 85 3
276 88 3
276 168 3
276 173 3
276 175 3
276 186 3
276 194 3
276 202 3
276 208 3
276 209 3
276 211 3
276 216 3
276 232 3
276 238 3
276 239 3
276 288 3
276 300 3
276 328 3
276 343 3
276 367 3
276 386 3
276 579 3
276 585 3
276 648 3
276 655 3
276 692 3
276 710 3
276 712 3
276 715 3
276 734 3
276 738 3
276 748 3
276 765 3
276 781 3
276 790 3
276 792 3
276 944 3
276 999 3
277 15 4
277 49 5
277 369 4
277 731 4
277 756 4
277 20 4
277 25 4
277 36 4
277 88 4
277 90 4
277 237 4
277 255 4
277 280 4
277 282 4
277 289 4
277 294 4
277 553 4
277 709 4
277 722 4
277 724 4
277 732 4
277 778 4
277 781 4
277 815 4
277 846 4
278 69 3
278 255 4
278 282 3
278 381 5
278 496 5
278 1 4
278 7 4
278 17 4
278 23 4
278 26 4
278 28 4
278 40 4
278 41 4
278 42 4
278 48 4
278 50 4
278 65 4
278 72 4
278 77 4
278 79 4
278 81 4
278 93 4
278 98 4
278 111 4
278 122 4
278 134 4
278 137 4
278 143 4
278 145 4
278 151 4
278 160 4
278 161 4
278 168 4
278 188 4
278 196 4
278 216 4
278 218 4
278 219 4
278 222 4
278 231 4
278 237 4
278 238 4
278 276 4
278 288 4
278 300 4
278 318 4
278 327 4
278 340 4
278 350 4
278 354 4
278 357 4
278 367 4
278 369 4
278 392 4
278 403 4
278 410 4
278 412 4
278 427 4
278 447 4
278 451 4
278 467 4
278 469 4
278 518 4
278 568 4
278 591 4
278 604 4
278 616 4
278 655 4
278 658 4
278 673 4
278 684 4
278 739 4
278 743 4
278 763 4
278 843 4
278 866 4
278 959 4
278 975 4
279 144 4
279 153 4
279 164 4
279 274 4
279 325 1
279 1 3
279 8 3
279 24 3
279 28 3
279 31 3
279 50 3
279 54 3
279 55 3
279 58 3
279 66 3
279 70 3
279 71 3
279 79 3
279 82 3
279 88 3
279 89 3
279 95 3
279 96 3
279 97 3
279 100 3
279 101 3
279 108 3
279 111 3
279 117 3
279 118 3
279 121 3
279 122 3
279 127 3
279 133 3
279 135 3
279 147 3
279 148 3
279 161 3
279 168 3
279 172 3
279 173 3
279 174 3
279 175 3
279 176 3
279 177 3
279 179 3
279 180 3
279 181 3
279 182 3
279 183 3
279 185 3
279 187 3
279 188 3
279 189 3
279 190 3
279 195 3
279 197 3
279 198 3
279 201 3
279 204 3
279 209 3
279 210 3
279 211 3
279 213 3
279 215 3
279 216 3
279 226 3
279 228 3
279 230 3
279 241 3
279 248 3
279 249 3
279 255 3
279 257 3
279 258 3
279 261 3
279 264 3
279 265 3
279 266 3
279 270 3
279 272 3
279 281 3
279 282 3
279 283 3
279 286 3
279 288 3
279 294 3
279 295 3
279 298 3
279 300 3
279 304 3
279 318 3
279 324 3
279 328 3
279 356 3
279 358 3
279 380 3
279 385 3
279 398 3
279 405 3
279 421 3
279 422 3
279 423 3
279 436 3
279 455 3
279 463 3
279 472 3
279 479 3
279 483 3
279 489 3
279 500 3
279 510 3
279 511 3
279 523 3
279 526 3
279 528 3
279 535 3
279 546 3
279 566 3
279 588 3
279 602 3
279 604 3
279 616 3
279 629 3
279 632 3
279 640 3
279 651 3
279 655 3
279 680 3
279 688 3
279 692 3
279 727 3
279 732 3
279 739 3
279 748 3
279 751 3
279 752 3
279 840 3
279 879 3
279 931 3
279 945 3
280 89 4
280 174 5
280 209 4
280 234 4
280 258 3
280 8 4
280 12 4
280 64 4
280 96 4
280 100 4
280 114 4
280 127 4
280 165 4
280 166 4
280 172 4
280 175 4
280 183 4
280 190 4
280 191 4
280 203 4
280 213 4
280 237 4
280 257 4
280 265 4
280 272 4
280 294 4
280 298 4
280 319 4
280 347 4
280 462 4
280 479 4
280 483 4
280 504 4
280 510 4
280 511 4
280 517 4
280 603 4
280 615 4
280 642 4
280 661 4
280 705 4
280 863 4
281 4 3
281 98 4
281 216 5
281 659 5
281 692 4
281 42 4
281 50 4
281 66 4
281 70 4
281 86 4
281 100 4
281 153 4
281 163 4
281 173 4
281 190 4
281 197 4
281 204 4
281 207 4
281 210 4
281 238 4
281 283 4
281 313 4
281 318 4
281 322 4
281 367 4
281 427 4
281 430 4
281 435 4
281 479 4
281 484 4
281 505 4
281 507 4
281 514 4
281 524 4
281 596 4
281 648 4
281 650 4
281 678 4
281 780 4
282 269 4
282 311 4
282 315 3
282 346 3
282 988 4
282 50 4
282 127 4
282 257 4
282 288 4
282 289 4
282 295 4
282 298 4
282 301 4
282 321 4
282 748 4
282 876 4
282 881 4
283 109 5
283 274 4
283 275 4
283 313 2
283 450 4
283 1 4
283 12 4
283 20 4
283 99 4
283 107 4
283 116 4
283 121 4
283 144 4
283 151 4
283 180 4
283 181 4
283 195 4
283 197 4
283 199 4
283 229 4
283 230 4
283 237 4
283 249 4
283 250 4
283 257 4
283 270 4
283 271 4
283 277 4
283 286 4
283 290 4
283 318 4
283 365 4
283 380 4
283 405 4
283 432 4
283 449 4
283 462 4
283 480 4
283 538 4
283 582 4
283 612 4
283 743 4
283 900 4
284 69 5
284 141 4
284 228 5
284 554 4
284 924 5
284 1 5
284 7 5
284 9 5
284 15 5
284 24 5
284 25 5
284 28 5
284 29 5
284 50 5
284 51 5
284 53 5
284 56 5
284 70 5
284 71 5
284 73 5
284 79 5
284 82 5
284 94 5
284 96 5
284 97 5
284 98 5
284 111 5
284 122 5
284 135 5
284 136 5
284 143 5
284 144 5
284 150 5
284 151 5
284 168 5
284 173 5
284 174 5
284 181 5
284 195 5
284 202 5
284 204 5
284 216 5
284 222 5
284 227 5
284 229 5
284 230 5
284 234 5
284 235 5
284 237 5
284 239 5
284 248 5
284 250 5
284 252 5
284 255 5
284 257 5
284 258 5
284 265 5
284 274 5
284 275 5
284 293 5
284 294 5
284 300 5
284 313 5
284 315 5
284 318 5
284 343 5
284 385 5
284 392 5
284 399 5
284 405 5
284 419 5
284 422 5
284 427 5
284 431 5
284 449 5
284 451 5
284 463 5
284 472 5
284 510 5
284 550 5
284 560 5
284 562 5
284 568 5
284 578 5
284 588 5
284 597 5
284 625 5
284 651 5
284 655 5
284 665 5
284 679 5
284 692 5
284 699 5
284 746 5
284 755 5
284 778 5
284 823 5
284 829 5
284 849 5
284 879 5
284 926 5
285 307 3
285 319 3
285 328 2
285 347 2
285 538 3
285 245 3
285 288 3
285 289 3
285 294 3
285 303 3
285 313 3
285 321 3
285 326 3
285 330 3
285 341 3
285 748 3
286 6 4
286 125 3
286 460 4
286 690 2
286 936 3
286 1 3
286 3 3
286 7 3
286 10 3
286 13 3
286 14 3
286 15 3
286 20 3
286 93 3
286 109 3
286 111 3
286 117 3
286 121 3
286 123 3
286 124 3
286 127 3
286 129 3
286 137 3
286 146 3
286 147 3
286 150 3
286 151 3
286 181 3
286 220 3
286 221 3
286 235 3
286 236 3
286 237 3
286 245 3
286 248 3
286 250 3
286 255 3
286 257 3
286 258 3
286 262 3
286 264 3
286 270 3
286 273 3
286 275 3
286 276 3
286 277 3
286 280 3
286 282 3
286 284 3
286 285 3
286 286 3
286 287 3
286 295 3
286 298 3
286 299 3
286 300 3
286 305 3
286 319 3
286 321 3
286 322 3
286 327 3
286 331 3
286 332 3
286 333 3
286 336 3
286 471 3
286 475 3
286 476 3
286 508 3
286 591 3
286 595 3
286 597 3
286 620 3
286 628 3
286 678 3
286 689 3
286 696 3
286 717 3
286 718 3
286 742 3
286 748 3
286 762 3
286 766 3
286 818 3
286 823 3
286 845 3
286 846 3
286 864 3
286 872 3
286 874 3
286 879 3
286 880 3
286 882 3
286 886 3
286 887 3
286 924 3
286 935 3
286 975 3
286 994 3
286 995 3
287 218 2
287 651 5
287 739 2
287 921 5
287 955 5
287 1 4
287 2 4
287 3 4
287 4 4
287 12 4
287 17 4
287 25 4
287 28 4
287 31 4
287 38 4
287 42 4
287 43 4
287 45 4
287 48 4
287 49 4
287 50 4
287 55 4
287 56 4
287 58 4
287 66 4
287 68 4
287 69 4
287 71 4
287 73 4
287 76 4
287 77 4
287 79 4
287 81 4
287 82 4
287 87 4
287 88 4
287 92 4
287 95 4
287 96 4
287 97 4
287 99 4
287 100 4
287 111 4
287 117 4
287 121 4
287 125 4
287 128 4
287 133 4
287 136 4
287 140 4
287 143 4
287 144 4
287 150 4
287 160 4
287 161 4
287 172 4
287 174 4
287 176 4
287 179 4
287 181 4
287 183 4
287 188 4
287 191 4
287 194 4
287 195 4
287 196 4
287 202 4
287 206 4
287 215 4
287 216 4
287 222 4
287 226 4
287 227 4
287 230 4
287 232 4
287 237 4
287 239 4
287 249 4
287 252 4
287 255 4
287 257 4
287 258 4
287 259 4
287 260 4
287 265 4
287 270 4
287 272 4
287 273 4
287 276 4
287 280 4
287 282 4
287 286 4
287 288 4
287 289 4
287 293 4
287 294 4
287 298 4
287 300 4
287 318 4
287 333 4
287 347 4
287 356 4
287 366 4
287 367 4
287 378 4
287 402 4
287 403 4
287 404 4
287 411 4
287 412 4
287 419 4
287 423 4
287 432 4
287 455 4
287 462 4
287 470 4
287 471 4
287 474 4
287 501 4
287 540 4
287 541 4
287 546 4
287 549 4
287 550 4
287 566 4
287 572 4
287 578 4
287 586 4
287 588 4
287 591 4
287 596 4
287 597 4
287 620 4
287 627 4
287 628 4
287 652 4
287 658 4
287 672 4
287 679 4
287 684 4
287 685 4
287 686 4
287 692 4
287 710 4
287 713 4
287 727 4
287 732 4
287 735 4
287 742 4
287 747 4
287 748 4
287 768 4
287 772 4
287 779 4
287 781 4
287 790 4
287 794 4
287 820 4
287 823 4
287 833 4
287 845 4
287 932 4
287 939 4
287 941 4
287 956 4
287 978 4
288 9 4
288 208 4
288 289 1
288 357 4
288 748 4
288 1 3
288 8 3
288 11 3
288 22 3
288 28 3
288 33 3
288 50 3
288 58 3
288 64 3
288 69 3
288 70 3
288 83 3
288 87 3
288 96 3
288 98 3
288 100 3
288 111 3
288 133 3
288 135 3
288 154 3
288 164 3
288 168 3
288 172 3
288 173 3
288 176 3
288 180 3
288 181 3
288 182 3
288 183 3
288 185 3
288 186 3
288 187 3
288 190 3
288 196 3
288 198 3
288 199 3
288 200 3
288 203 3
288 207 3
288 210 3
288 211 3
288 222 3
288 228 3
288 230 3
288 238 3
288 243 3
288 245 3
288 258 3
288 259 3
288 260 3
288 265 3
288 269 3
288 292 3
288 299 3
288 304 3
288 318 3
288 328 3
288 333 3
288 358 3
288 385 3
288 405 3
288 414 3
288 419 3
288 429 3
288 434 3
288 468 3
288 474 3
288 480 3
288 483 3
288 485 3
288 491 3
288 493 3
288 496 3
288 498 3
288 500 3
288 510 3
288 511 3
288 514 3
288 515 3
288 520 3
288 521 3
288 523 3
288 526 3
288 527 3
288 568 3
288 605 3
288 612 3
288 655 3
288 659 3
288 662 3
288 692 3
288 707 3
288 724 3
288 732 3
288 776 3
288 845 3
288 880 3
288 890 3
289 270 4
289 289 2
289 303 4
289 539 4
289 908 5
289 243 4
289 258 4
289 259 4
289 260 4
289 261 4
289 263 4
289 264 4
289 266 4
289 268 4
289 271 4
289 272 4
289 286 4
289 288 4
289 292 4
289 294 4
289 301 4
289 302 4
289 304 4
289 308 4
289 310 4
289 313 4
289 315 4
289 316 4
289 319 4
289 321 4
289 324 4
289 325 4
289 326 4
289 327 4
289 330 4
289 331 4
289 332 4
289 333 4
289 334 4
289 339 4
289 340 4
289 342 4
289 343 4
289 349 4
289 353 4
289 355 4
289 358 4
289 457 4
289 538 4
289 678 4
289 680 4
289 681 4
289 682 4
289 687 4
289 689 4
289 748 4
289 750 4
289 751 4
289 752 4
289 872 4
289 873 4
289 874 4
289 875 4
289 878 4
289 881 4
289 883 4
289 887 4
289 890 4
289 892 4
289 902 4
289 948 4
289 988 4
289 989 4
289 991 4
290 7 3
290 123 2
290 246 2
290 257 3
290 515 3
290 1 3
290 9 3
290 15 3
290 50 3
290 93 3
290 117 3
290 124 3
290 126 3
290 127 3
290 137 3
290 150 3
290 151 3
290 181 3
290 224 3
290 237 3
290 258 3
290 273 3
290 277 3
290 284 3
290 286 3
290 292 3
290 293 3
290 298 3
290 302 3
290 333 3
290 410 3
290 455 3
290 473 3
290 475 3
290 596 3
290 741 3
290 764 3
290 847 3
290 919 3
290 926 3
290 993 3
291 7 3
291 19 4
291 236 4
291 284 3
291 319 1
291 45 3
291 100 3
291 124 3
291 129 3
291 190 3
291 237 3
291 258 3
291 273 3
291 285 3
291 286 3
291 340 3
291 475 3
291 657 3
291 696 3
291 900 3
292 64 4
292 134 3
292 185 3
292 657 3
292 923 5
292 45 4
292 56 4
292 69 4
292 83 4
292 86 4
292 97 4
292 100 4
292 124 4
292 127 4
292 131 4
292 137 4
292 186 4
292 187 4
292 192 4
292 193 4
292 205 4
292 212 4
292 221 4
292 242 4
292 285 4
292 286 4
292 291 4
292 318 4
292 479 4
292 482 4
292 483 4
292 492 4
292 511 4
292 523 4
292 527 4
292 528 4
292 531 4
292 654 4
292 772 4
293 56 4
293 61 4
293 201 5
293 298 3
293 423 2
293 1 4
293 7 4
293 11 4
293 12 4
293 22 4
293 24 4
293 48 4
293 50 4
293 59 4
293 60 4
293 65 4
293 69 4
293 71 4
293 79 4
293 82 4
293 91 4
293 95 4
293 96 4
293 98 4
293 100 4
293 115 4
293 117 4
293 118 4
293 121 4
293 124 4
293 127 4
293 150 4
293 151 4
293 154 4
293 156 4
293 168 4
293 171 4
293 172 4
293 173 4
293 174 4
293 175 4
293 176 4
293 180 4
293 181 4
293 182 4
293 183 4
293 188 4
293 191 4
293 192 4
293 195 4
293 196 4
293 209 4
293 210 4
293 222 4
293 234 4
293 235 4
293 238 4
293 239 4
293 250 4
293 252 4
293 257 4
293 258 4
293 260 4
293 264 4
293 265 4
293 271 4
293 273 4
293 275 4
293 284 4
293 288 4
293 300 4
293 318 4
293 323 4
293 327 4
293 328 4
293 343 4
293 357 4
293 369 4
293 404 4
293 405 4
293 410 4
293 411 4
293 431 4
293 455 4
293 462 4
293 475 4
293 483 4
293 527 4
293 528 4
293 546 4
293 550 4
293 597 4
293 647 4
293 652 4
293 684 4
293 687 4
293 693 4
293 742 4
293 746 4
293 751 4
293 754 4
293 762 4
293 763 4
293 876 4
293 879 4
293 886 4
293 890 4
293 925 4
294 1 3
294 15 5
294 121 4
294 479 3
294 924 4
294 9 4
294 50 4
294 64 4
294 65 4
294 86 4
294 98 4
294 100 4
294 107 4
294 126 4
294 174 4
294 183 4
294 191 4
294 194 4
294 199 4
294 222 4
294 237 4
294 286 4
294 289 4
294 294 4
294 322 4
294 357 4
294 427 4
294 507 4
294 528 4
294 748 4
295 62 3
295 127 4
295 174 5
295 226 4
295 550 3
295 2 4
295 4 4
295 11 4
295 29 4
295 44 4
295 50 4
295 53 4
295 54 4
295 56 4
295 64 4
295 68 4
295 69 4
295 71 4
295 79 4
295 84 4
295 86 4
295 88 4
295 89 4
295 90 4
295 91 4
295 94 4
295 95 4
295 98 4
295 101 4
295 109 4
295 120 4
295 121 4
295 132 4
295 133 4
295 139 4
295 140 4
295 143 4
295 144 4
295 145 4
295 147 4
295 151 4
295 153 4
295 155 4
295 157 4
295 158 4
295 161 4
295 162 4
295 163 4
295 167 4
295 168 4
295 172 4
295 173 4
295 176 4
295 179 4
295 181 4
295 184 4
295 186 4
295 188 4
295 191 4
295 195 4
295 200 4
295 201 4
295 202 4
295 204 4
295 214 4
295 216 4
295 217 4
295 219 4
295 222 4
295 227 4
295 228 4
295 229 4
295 230 4
295 231 4
295 232 4
295 234 4
295 235 4
295 265 4
295 282 4
295 288 4
295 357 4
295 379 4
295 380 4
295 385 4
295 386 4
295 389 4
295 391 4
295 392 4
295 395 4
295 402 4
295 403 4
295 404 4
295 413 4
295 416 4
295 417 4
295 421 4
295 423 4
295 431 4
295 433 4
295 435 4
295 444 4
295 447 4
295 449 4
295 451 4
295 452 4
295 465 4
295 470 4
295 472 4
295 478 4
295 479 4
295 496 4
295 501 4
295 504 4
295 505 4
295 507 4
295 523 4
295 559 4
295 566 4
295 575 4
295 581 4
295 616 4
295 622 4
295 629 4
295 642 4
295 650 4
295 658 4
295 660 4
295 665 4
295 671 4
295 674 4
295 679 4
295 684 4
295 705 4
295 732 4
295 742 4
295 768 4
295 770 4
295 790 4
295 796 4
295 797 4
295 831 4
295 843 4
295 924 4
295 944 4
296 142 2
296 421 3
296 484 3
296 509 3
296 554 2
296 7 3
296 10 3
296 11 3
296 17 3
296 33 3
296 38 3
296 39 3
296 42 3
296 50 3
296 53 3
296 56 3
296 64 3
296 77 3
296 87 3
296 89 3
296 96 3
296 97 3
296 98 3
296 99 3
296 109 3
296 132 3
296 133 3
296 135 3
296 136 3
296 141 3
296 143 3
296 147 3
296 150 3
296 154 3
296 156 3
296 158 3
296 164 3
296 172 3
296 173 3
296 181 3
296 183 3
296 186 3
296 191 3
296 204 3
296 222 3
296 227 3
296 228 3
296 229 3
296 246 3
296 268 3
296 288 3
296 318 3
296 356 3
296 378 3
296 380 3
296 393 3
296 417 3
296 418 3
296 420 3
296 432 3
296 433 3
296 469 3
296 480 3
296 485 3
296 526 3
296 528 3
296 532 3
296 561 3
296 607 3
296 625 3
296 633 3
296 659 3
296 727 3
296 743 3
296 746 3
296 774 3
296 825 3
296 921 3
297 183 4
297 194 3
297 222 3
297 381 3
297 808 2
297 1 3
297 2 3
297 3 3
297 11 3
297 12 3
297 13 3
297 19 3
297 24 3
297 25 3
297 28 3
297 31 3
297 38 3
297 39 3
297 54 3
297 56 3
297 66 3
297 67 3
297 70 3
297 71 3
297 72 3
297 77 3
297 79 3
297 80 3
297 82 3
297 87 3
297 89 3
297 94 3
297 95 3
297 96 3
297 97 3
297 98 3
297 99 3
297 100 3
297 101 3
297 105 3
297 108 3
297 109 3
297 114 3
297 118 3
297 122 3
297 127 3
297 139 3
297 145 3
297 152 3
297 153 3
297 155 3
297 161 3
297 163 3
297 164 3
297 167 3
297 168 3
297 173 3
297 174 3
297 175 3
297 181 3
297 185 3
297 186 3
297 187 3
297 188 3
297 189 3
297 195 3
297 197 3
297 202 3
297 204 3
297 208 3
297 217 3
297 225 3
297 227 3
297 228 3
297 229 3
297 230 3
297 233 3
297 234 3
297 240 3
297 242 3
297 248 3
297 250 3
297 252 3
297 257 3
297 258 3
297 260 3
297 268 3
297 273 3
297 274 3
297 288 3
297 291 3
297 298 3
297 325 3
297 358 3
297 363 3
297 364 3
297 373 3
297 382 3
297 384 3
297 385 3
297 386 3
297 393 3
297 395 3
297 399 3
297 403 3
297 405 3
297 407 3
297 408 3
297 412 3
297 418 3
297 420 3
297 423 3
297 431 3
297 432 3
297 451 3
297 452 3
297 455 3
297 465 3
297 472 3
297 475 3
297 501 3
297 508 3
297 510 3
297 526 3
297 540 3
297 545 3
297 549 3
297 550 3
297 552 3
297 559 3
297 562 3
297 566 3
297 568 3
297 570 3
297 575 3
297 577 3
297 578 3
297 588 3
297 590 3
297 597 3
297 603 3
297 625 3
297 627 3
297 645 3
297 651 3
297 652 3
297 655 3
297 657 3
297 679 3
297 692 3
297 716 3
297 720 3
297 721 3
297 722 3
297 724 3
297 731 3
297 741 3
297 746 3
297 748 3
297 758 3
297 765 3
297 771 3
297 780 3
297 781 3
297 783 3
297 790 3
297 792 3
297 797 3
297 802 3
297 809 3
297 810 3
297 840 3
297 849 3
297 864 3
297 940 3
297 943 3
297 1000 3
298 54 2
298 448 4
298 607 3
298 628 4
298 933 3
298 10 3
298 11 3
298 12 3
298 23 3
298 32 3
298 50 3
298 53 3
298 56 3
298 59 3
298 61 3
298 79 3
298 83 3
298 89 3
298 98 3
298 121 3
298 124 3
298 127 3
298 136 3
298 137 3
298 144 3
298 150 3
298 151 3
298 156 3
298 160 3
298 164 3
298 168 3
298 171 3
298 172 3
298 175 3
298 176 3
298 182 3
298 183 3
298 186 3
298 187 3
298 191 3
298 192 3
298 197 3
298 202 3
298 203 3
298 204 3
298 210 3
298 212 3
298 218 3
298 222 3
298 228 3
298 229 3
298 258 3
298 262 3
298 271 3
298 275 3
298 288 3
298 293 3
298 302 3
298 340 3
298 381 3
298 425 3
298 435 3
298 443 3
298 447 3
298 449 3
298 464 3
298 474 3
298 475 3
298 483 3
298 484 3
298 486 3
298 489 3
298 512 3
298 514 3
298 515 3
298 522 3
298 525 3
298 538 3
298 548 3
298 554 3
298 558 3
298 591 3
298 594 3
298 603 3
298 631 3
298 649 3
298 652 3
298 656 3
298 664 3
298 675 3
298 693 3
298 754 3
298 772 3
298 806 3
298 887 3
298 919 3
298 922 3
298 985 3
299 7 4
299 69 5
299 347 4
299 427 5
299 514 5
299 8 5
299 11 5
299 12 5
299 50 5
299 87 5
299 97 5
299 117 5
299 127 5
299 132 5
299 136 5
299 153 5
299 157 5
299 176 5
299 177 5
299 181 5
299 182 5
299 183 5
299 191 5
299 193 5
299 194 5
299 198 5
299 202 5
299 207 5
299 210 5
299 213 5
299 215 5
299 238 5
299 251 5
299 271 5
299 272 5
299 275 5
299 295 5
299 300 5
299 301 5
299 307 5
299 312 5
299 313 5
299 318 5
299 326 5
299 357 5
299 414 5
299 425 5
299 463 5
299 474 5
299 482 5
299 483 5
299 484 5
299 486 5
299 497 5
299 511 5
299 516 5
299 520 5
299 521 5
299 530 5
299 539 5
299 605 5
299 651 5
299 657 5
299 661 5
299 663 5
299 664 5
299 690 5
299 692 5
299 742 5
299 750 5
299 879 5
299 886 5
299 887 5
299 902 5
300 15 2
300 59 4
300 77 3
300 319 4
300 479 5
300 1 4
300 3 4
300 8 4
300 9 4
300 25 4
300 28 4
300 30 4
300 39 4
300 42 4
300 43 4
300 44 4
300 45 4
300 50 4
300 56 4
300 58 4
300 61 4
300 62 4
300 69 4
300 70 4
300 72 4
300 83 4
300 88 4
300 89 4
300 94 4
300 97 4
300 98 4
300 100 4
300 111 4
300 116 4
300 118 4
300 120 4
300 125 4
300 129 4
300 133 4
300 135 4
300 143 4
300 147 4
300 159 4
300 164 4
300 172 4
300 175 4
300 179 4
300 181 4
300 196 4
300 202 4
300 204 4
300 208 4
300 210 4
300 211 4
300 216 4
300 217 4
300 223 4
300 234 4
300 235 4
300 237 4
300 238 4
300 244 4
300 245 4
300 246 4
300 250 4
300 252 4
300 255 4
300 257 4
300 258 4
300 268 4
300 274 4
300 275 4
300 276 4
300 281 4
300 282 4
300 283 4
300 284 4
300 285 4
300 287 4
300 294 4
300 298 4
300 300 4
300 301 4
300 304 4
300 316 4
300 325 4
300 381 4
300 386 4
300 387 4
300 393 4
300 396 4
300 405 4
300 407 4
300 412 4
300 421 4
300 448 4
300 464 4
300 469 4
300 471 4
300 472 4
300 475 4
300 476 4
300 498 4
300 509 4
300 514 4
300 517 4
300 522 4
300 529 4
300 531 4
300 535 4
300 553 4
300 559 4
300 568 4
300 569 4
300 584 4
300 611 4
300 619 4
300 639 4
300 640 4
300 660 4
300 662 4
300 665 4
300 699 4
300 708 4
300 709 4
300 714 4
300 721 4
300 729 4
300 735 4
300 739 4
300 742 4
300 762 4
300 768 4
300 775 4
300 780 4
300 781 4
300 815 4
300 821 4
300 827 4
300 836 4
300 845 4
300 930 4
300 964 4
300 971 4
300 988 4
300 996 4
