301 1 3
301 172 3
301 173 2
301 191 2
301 242 3
301 258 4
301 286 1
301 484 4
301 516 4
301 604 5
301 195 4
301 204 4
301 269 3
301 283 1
301 318 4
301 423 4
301 481 3
301 515 1
302 243 2
302 258 3
302 269 3
302 289 4
302 322 3
302 326 4
302 328 3
302 333 4
302 678 1
302 984 1
302 242 1
302 268 2
302 286 3
302 300 3
302 304 1
302 313 3
302 315 1
302 316 1
302 875 1
303 264 3
303 268 4
303 269 5
303 286 5
303 288 5
303 289 4
303 298 4
303 303 4
303 682 4
303 995 3
303 258 4
303 294 3
303 300 3
303 301 3
303 305 1
303 306 1
303 319 2
303 325 1
303 332 2
303 333 3
303 340 3
303 343 1
304 22 5
304 64 4
304 143 2
304 194 5
304 215 5
304 418 5
304 427 5
304 492 4
304 510 5
304 604 5
304 136 1
304 172 4
304 193 3
304 237 4
304 245 2
304 286 4
304 480 2
304 566 2
304 603 2
304 606 1
304 705 1
305 98 3
305 137 1
305 272 5
305 313 5
305 475 3
305 650 3
305 690 5
305 750 3
305 886 1
305 938 1
305 87 1
305 204 3
305 288 3
305 327 3
305 427 2
305 651 1
305 655 2
306 121 4
306 126 5
306 181 4
306 289 4
306 313 3
306 405 4
306 471 5
306 476 3
306 597 3
306 846 4
306 1 4
306 50 4
306 127 4
306 151 3
306 252 2
306 255 1
306 748 2
306 924 1
307 118 3
307 286 5
307 294 3
307 301 3
307 405 4
307 471 4
307 476 3
307 538 4
307 756 3
307 845 3
307 111 3
307 121 3
307 125 3
307 181 3
307 220 1
307 252 1
307 258 3
307 298 1
307 300 3
307 458 1
307 546 3
307 815 1
307 926 1
308 245 4
308 269 5
308 272 5
308 288 5
308 289 4
308 300 3
308 301 5
308 313 5
308 343 3
308 898 5
308 336 2
308 353 1
308 751 2
308 873 1
308 879 1
309 288 5
309 294 3
309 307 4
309 310 4
309 332 3
309 350 2
309 690 2
309 750 5
309 880 5
309 887 4
309 268 1
309 270 1
309 292 1
309 300 2
309 302 1
309 313 2
309 335 1
309 343 1
309 346 1
309 682 1
309 689 1
309 895 1
310 50 4
310 112 4
310 133 2
310 210 3
310 222 4
310 240 1
310 411 3
310 597 4
310 756 3
310 894 1
310 21 2
310 94 1
310 181 4
310 258 3
310 300 3
310 473 1
310 596 2
311 7 4
311 28 5
311 64 5
311 111 5
311 222 3
311 251 4
311 257 4
311 271 2
311 750 4
311 751 3
311 1 3
311 50 4
311 151 3
311 259 2
311 269 3
311 272 2
311 300 3
311 736 1
312 7 4
312 14 4
312 149 5
312 224 4
312 275 5
312 277 4
312 286 5
312 290 3
312 300 4
312 742 4
312 1 4
312 9 3
312 100 4
312 129 1
312 268 3
312 276 3
312 410 1
312 475 1
312 740 1
313 258 2
313 272 5
313 288 1
313 315 3
313 328 3
313 333 2
313 690 4
313 751 5
313 873 5
313 893 1
313 243 2
313 286 3
313 289 3
313 310 1
313 311 1
313 313 4
313 323 3
313 332 1
313 748 3
314 258 3
314 272 3
314 322 4
314 350 4
314 362 5
314 682 4
314 748 4
314 882 5
314 891 5
314 990 5
314 288 3
314 300 3
314 313 3
314 319 1
314 326 1
314 333 2
314 538 1
315 259 4
315 294 4
315 321 3
315 322 4
315 342 3
315 359 5
315 597 4
315 687 5
315 875 5
315 892 5
315 117 2
315 125 1
315 243 1
315 245 1
315 288 3
315 301 1
315 304 1
315 326 1
315 339 1
315 340 1
315 410 1
315 748 2
315 988 1
316 124 4
316 237 3
316 245 1
316 268 4
316 272 4
316 275 5
316 283 3
316 285 4
316 508 4
316 874 2
316 14 3
316 25 3
316 286 3
316 313 3
316 319 1
316 321 3
316 676 1
317 303 4
317 305 4
317 311 4
317 315 4
317 316 4
317 319 4
317 321 4
317 328 3
317 347 4
317 900 3
317 272 1
317 340 1
317 345 2
317 690 1
317 902 1
318 98 4
318 173 5
318 245 3
318 294 4
318 306 5
318 315 4
318 347 4
318 603 5
318 752 5
318 923 5
318 22 2
318 258 4
318 269 3
318 286 3
318 288 3
318 301 2
318 311 1
318 313 4
318 515 1
318 525 1
318 538 1
318 882 1
319 258 2
319 294 3
319 304 5
319 308 1
319 326 1
319 331 3
319 332 4
319 333 3
319 342 1
319 938 2
319 271 1
319 288 3
319 289 2
319 301 3
319 310 1
319 322 2
319 338 2
319 538 1
319 682 1
319 690 1
319 877 1
319 989 1
320 288 4
320 294 4
320 300 3
320 302 5
320 319 4
320 327 5
320 338 3
320 340 3
320 343 4
320 879 2
320 258 3
320 262 1
320 268 3
320 269 3
320 271 1
320 305 1
320 307 1
320 325 1
320 333 3
320 689 1
320 890 1
321 100 4
321 168 4
321 216 3
321 269 4
321 302 5
321 313 5
321 346 4
321 357 5
321 628 2
321 682 4
321 150 4
321 151 3
321 191 4
321 194 4
321 198 2
321 205 2
321 222 3
321 237 3
321 276 4
321 288 3
321 455 1
321 514 4
321 538 2
321 902 2
322 1 3
322 147 3
322 151 2
322 254 1
322 282 3
322 471 4
322 473 1
322 742 4
322 815 3
322 926 3
322 7 3
322 21 1
322 24 3
322 125 3
322 222 3
322 405 3
322 410 3
322 685 1
322 849 1
323 243 4
323 264 1
323 300 4
323 322 4
323 409 4
323 687 2
323 833 4
323 872 5
323 876 5
323 948 4
323 100 1
323 257 1
323 261 1
323 288 3
323 294 3
323 328 2
323 456 1
323 881 1
324 270 2
324 294 1
324 299 2
324 301 4
324 303 2
324 307 4
324 309 2
324 358 3
324 748 1
324 988 2
324 245 2
324 258 4
324 289 2
324 322 1
324 323 2
324 328 3
324 680 1
324 879 1
325 111 3
325 271 4
325 286 1
325 288 3
325 294 4
325 298 5
325 310 3
325 322 4
325 763 4
325 893 3
325 237 3
325 259 2
325 275 1
325 278 1
325 300 3
325 313 3
325 328 3
325 343 1
325 681 1
325 682 1
325 742 2
325 895 1
326 25 3
326 100 4
326 111 4
326 116 5
326 275 4
326 283 3
326 306 5
326 319 4
326 744 4
326 864 3
326 13 3
326 14 3
326 150 2
326 235 2
326 242 1
326 269 3
326 286 3
326 287 1
326 321 2
326 476 3
326 756 1
327 242 4
327 258 5
327 300 3
327 303 2
327 306 2
327 319 4
327 324 3
327 326 5
327 938 4
327 989 3
327 286 3
327 304 1
327 331 1
327 333 3
327 334 1
327 690 1
328 14 5
328 24 4
328 50 5
328 116 5
328 181 4
328 222 3
328 274 3
328 275 5
328 536 4
328 832 1
328 251 1
328 257 3
328 258 4
328 304 2
328 740 2
328 748 3
328 845 3
329 245 4
329 268 3
329 288 4
329 313 4
329 323 2
329 331 4
329 351 3
329 355 4
329 678 2
329 748 5
329 264 1
329 271 2
329 299 1
329 300 3
329 322 2
329 326 3
329 328 3
329 350 1
329 354 1
329 879 1
330 261 3
330 267 4
330 268 4
330 302 4
330 306 4
330 307 4
330 332 4
330 340 3
330 346 3
330 682 3
330 259 2
330 269 4
330 301 3
330 313 4
330 333 3
330 338 1
330 689 2
330 750 1
330 751 1
330 879 1
330 880 1
331 127 5
331 227 5
331 284 5
331 322 4
331 332 4
331 452 4
331 456 4
331 595 4
331 655 5
331 895 5
331 1 4
331 5 1
331 7 4
331 8 3
331 9 4
331 11 3
331 12 3
331 22 4
331 31 1
331 38 1
331 44 1
331 53 1
331 54 1
331 56 4
331 70 3
331 73 1
331 77 1
331 79 4
331 82 3
331 95 1
331 96 4
331 97 3
331 98 4
331 105 1
331 106 1
331 117 4
331 118 3
331 120 1
331 121 3
331 122 1
331 123 1
331 125 2
331 144 3
331 148 1
331 156 1
331 159 1
331 172 3
331 174 4
331 181 4
331 182 4
331 195 4
331 204 4
331 210 4
331 218 1
331 222 3
331 228 3
331 229 2
331 230 2
331 232 1
331 233 1
331 234 4
331 235 2
331 237 4
331 240 1
331 249 1
331 252 1
331 255 2
331 257 3
331 258 4
331 264 1
331 265 2
331 271 1
331 273 3
331 282 1
331 288 3
331 291 1
331 293 3
331 294 3
331 295 1
331 298 2
331 300 4
331 307 1
331 313 4
331 323 1
331 326 1
331 327 1
331 328 3
331 333 2
331 342 1
331 354 1
331 356 1
331 369 1
331 370 1
331 405 3
331 406 1
331 409 1
331 410 1
331 431 1
331 449 1
331 450 1
331 451 1
331 470 1
331 546 2
331 566 1
331 597 2
331 628 1
331 651 2
331 660 1
331 673 1
331 679 1
331 682 1
331 684 1
331 693 1
331 696 1
331 717 1
331 728 1
331 742 3
331 746 1
331 756 1
331 763 1
331 770 1
331 815 1
331 824 1
331 827 1
331 831 1
331 833 1
331 840 1
331 841 1
331 845 1
331 866 1
331 871 1
331 879 1
331 928 1
331 931 1
331 934 1
331 975 1
331 978 1
331 982 1
331 983 1
332 79 3
332 153 4
332 180 1
332 255 3
332 269 2
332 294 3
332 300 4
332 315 5
332 316 5
332 894 3
332 66 1
332 88 1
332 98 4
332 100 4
332 168 2
332 174 4
332 186 1
332 276 2
332 435 1
332 513 1
332 739 1
332 748 2
332 873 1
333 70 3
333 257 4
333 271 3
333 313 4
333 475 4
333 485 3
333 634 4
333 678 3
333 906 5
333 922 4
333 4 1
333 7 4
333 8 1
333 9 4
333 12 3
333 13 4
333 19 1
333 20 1
333 22 3
333 23 1
333 28 1
333 42 1
333 50 4
333 52 1
333 56 4
333 58 1
333 59 1
333 61 1
333 68 1
333 69 3
333 72 1
333 73 1
333 74 1
333 77 1
333 79 4
333 81 1
333 82 3
333 83 1
333 86 1
333 89 4
333 91 1
333 93 1
333 95 1
333 98 4
333 100 4
333 111 3
333 115 1
333 116 1
333 117 4
333 124 3
333 125 3
333 127 5
333 131 1
333 132 3
333 134 1
333 135 4
333 143 3
333 150 1
333 151 3
333 153 2
333 154 1
333 155 1
333 160 1
333 163 1
333 164 1
333 168 4
333 169 2
333 170 1
333 171 1
333 172 3
333 173 3
333 174 4
333 175 4
333 176 3
333 179 1
333 181 4
333 182 1
333 183 3
333 185 2
333 186 3
333 191 3
333 196 3
333 197 1
333 200 1
333 203 1
333 204 4
333 207 1
333 210 4
333 213 1
333 216 4
333 217 1
333 220 1
333 221 1
333 222 4
333 223 1
333 224 1
333 225 1
333 227 1
333 228 4
333 229 2
333 230 2
333 231 1
333 235 3
333 237 4
333 238 1
333 239 1
333 244 1
333 245 3
333 248 1
333 250 3
333 255 2
333 258 4
333 265 2
333 268 4
333 269 4
333 272 4
333 275 3
333 276 4
333 277 1
333 282 3
333 283 1
333 285 1
333 286 3
333 287 1
333 288 3
333 289 2
333 293 3
333 297 2
333 300 4
333 301 2
333 302 4
333 303 1
333 305 1
333 306 1
333 310 1
333 311 1
333 312 1
333 315 1
333 316 1
333 317 1
333 318 1
333 319 1
333 322 2
333 324 1
333 326 1
333 328 4
333 333 4
333 337 1
333 338 1
333 340 3
333 345 1
333 346 1
333 347 1
333 371 1
333 387 1
333 396 1
333 405 3
333 408 1
333 421 1
333 423 4
333 425 1
333 427 1
333 428 1
333 429 1
333 430 1
333 433 1
333 436 1
333 443 1
333 449 1
333 450 1
333 461 1
333 462 1
333 474 1
333 476 2
333 481 1
333 483 2
333 484 1
333 488 1
333 494 1
333 498 1
333 500 1
333 502 1
333 505 1
333 506 1
333 508 4
333 510 1
333 512 1
333 514 1
333 515 1
333 521 1
333 525 1
333 529 1
333 531 1
333 537 1
333 553 1
333 558 1
333 566 1
333 569 1
333 577 1
333 582 1
333 591 2
333 603 1
333 606 1
333 607 1
333 608 1
333 620 1
333 628 1
333 629 1
333 631 1
333 635 1
333 640 1
333 642 1
333 652 1
333 655 1
333 657 1
333 658 2
333 663 1
333 675 1
333 684 1
333 689 1
333 693 1
333 707 2
333 708 1
333 709 1
333 710 1
333 712 1
333 716 1
333 736 1
333 740 1
333 742 3
333 744 1
333 746 1
333 753 3
333 762 1
333 792 1
333 815 1
333 840 1
333 845 1
333 846 1
333 855 1
333 856 1
333 865 1
333 870 1
333 877 1
333 879 1
333 886 1
333 887 1
333 888 1
333 896 1
333 899 1
333 902 1
333 905 2
333 931 1
333 936 2
333 937 1
333 945 1
333 950 2
333 955 1
333 961 1
333 969 3
334 245 4
334 271 4
334 288 4
334 305 4
334 307 5
334 328 3
334 333 4
334 355 3
334 678 3
334 748 2
334 258 4
334 260 1
334 269 1
334 300 3
334 313 1
334 322 2
334 323 2
334 324 1
334 342 1
334 347 1
334 902 1
335 26 5
335 94 3
335 100 3
335 108 3
335 121 4
335 284 4
335 655 3
335 762 5
335 765 4
335 780 3
335 3 1
335 4 1
335 13 3
335 15 4
335 33 1
335 41 1
335 42 2
335 49 1
335 56 4
335 63 1
335 66 1
335 67 2
335 70 4
335 88 2
335 90 2
335 105 1
335 111 4
335 117 4
335 122 1
335 124 4
335 125 4
335 151 3
335 153 4
335 154 1
335 158 1
335 168 4
335 186 3
335 202 4
335 204 4
335 208 3
335 216 4
335 232 1
335 237 4
335 239 3
335 275 3
335 276 4
335 282 4
335 288 3
335 290 1
335 367 2
335 383 1
335 388 2
335 395 3
335 399 1
335 401 3
335 405 3
335 410 3
335 451 2
335 475 3
335 546 3
335 571 3
335 575 3
335 577 2
335 619 1
335 628 1
335 692 3
335 710 1
335 722 3
335 732 2
335 738 3
335 742 4
335 763 1
335 781 3
335 785 3
335 790 3
335 796 3
335 824 1
335 845 3
335 859 1
335 864 1
335 926 2
335 959 1
335 998 2
335 999 1
336 50 5
336 125 4
336 181 2
336 229 3
336 230 5
336 250 3
336 257 3
336 450 2
336 471 5
336 631 4
336 15 4
336 106 1
336 121 3
336 127 4
336 135 4
336 222 4
336 228 4
336 235 2
336 371 1
336 380 1
336 392 1
336 449 1
336 515 1
336 520 1
336 636 1
336 742 3
336 831 2
336 879 1
337 52 5
337 174 4
337 180 4
337 204 3
337 213 5
337 216 4
337 301 4
337 310 3
337 488 5
337 582 5
337 1 4
337 56 4
337 79 4
337 83 1
337 100 5
337 132 3
337 133 1
337 134 1
337 135 4
337 168 4
337 170 1
337 175 4
337 189 1
337 194 3
337 196 4
337 197 2
337 208 1
337 211 3
337 212 1
337 215 1
337 269 3
337 286 3
337 294 3
337 306 1
337 408 1
337 427 1
337 435 1
337 443 2
337 462 1
337 474 3
337 480 1
337 483 4
337 484 2
337 486 1
337 490 1
337 494 1
337 498 1
337 511 2
337 513 1
337 514 1
337 516 1
337 523 1
337 525 1
337 603 2
337 604 1
337 606 1
337 607 2
337 613 1
337 650 1
337 654 1
337 663 1
337 708 1
337 792 1
337 945 3
338 56 5
338 82 4
338 99 4
338 157 4
338 383 1
338 449 3
338 498 4
338 527 4
338 632 4
338 735 4
338 1 4
338 4 2
338 5 2
338 7 4
338 11 4
338 12 4
338 22 4
338 23 3
338 25 4
338 28 4
338 29 1
338 30 4
338 32 1
338 42 1
338 45 4
338 47 1
338 50 4
338 55 1
338 58 3
338 64 4
338 65 3
338 67 1
338 69 4
338 73 1
338 74 1
338 76 3
338 79 4
338 80 1
338 81 1
338 86 1
338 88 1
338 89 4
338 91 2
338 97 4
338 98 4
338 100 4
338 101 1
338 117 4
338 121 3
338 124 2
338 126 2
338 127 4
338 130 3
338 131 1
338 132 4
338 133 3
338 134 2
338 135 4
338 136 1
338 139 1
338 144 3
338 145 1
338 150 4
338 151 4
338 153 4
338 154 1
338 156 1
338 159 1
338 160 1
338 161 4
338 163 1
338 167 1
338 168 4
338 170 2
338 173 5
338 174 4
338 175 4
338 179 4
338 180 1
338 181 4
338 182 4
338 183 5
338 185 4
338 186 3
338 188 1
338 190 2
338 191 4
338 192 1
338 194 4
338 195 5
338 196 4
338 197 4
338 198 1
338 199 1
338 203 3
338 204 4
338 205 1
338 208 1
338 209 4
338 214 2
338 222 4
338 226 1
338 227 3
338 228 4
338 231 1
338 233 1
338 234 4
338 235 1
338 238 4
338 240 2
338 248 1
338 257 2
338 258 4
338 265 4
338 269 1
338 270 2
338 276 3
338 286 4
338 288 4
338 298 1
338 302 2
338 317 3
338 327 1
338 347 2
338 357 4
338 380 2
338 402 3
338 403 4
338 404 3
338 410 2
338 411 1
338 415 1
338 423 4
338 427 3
338 428 2
338 431 1
338 433 3
338 435 4
338 436 1
338 447 3
338 451 1
338 461 3
338 469 3
338 474 4
338 475 3
338 478 2
338 479 1
338 483 5
338 484 2
338 485 1
338 488 3
338 496 4
338 503 3
338 508 3
338 509 3
338 511 1
338 514 2
338 515 1
338 516 3
338 521 1
338 522 1
338 523 1
338 525 1
338 528 1
338 530 2
338 546 3
338 549 3
338 550 1
338 566 1
338 568 4
338 573 1
338 582 1
338 589 4
338 603 3
338 607 4
338 614 1
338 631 2
338 636 1
338 637 4
338 640 1
338 642 1
338 649 1
338 650 1
338 655 3
338 657 1
338 661 1
338 663 1
338 673 1
338 675 2
338 678 1
338 693 1
338 702 1
338 709 1
338 719 2
338 737 1
338 739 1
338 770 1
338 772 4
338 806 1
338 823 1
338 845 1
338 856 1
338 939 2
338 942 3
338 961 2
339 88 5
339 172 4
339 179 1
339 180 3
339 181 4
339 402 4
339 405 5
339 428 1
339 486 4
339 662 2
339 1 3
339 15 3
339 50 4
339 66 1
339 71 1
339 143 1
339 173 3
339 174 4
339 186 2
339 199 1
339 204 4
339 205 1
339 215 2
339 265 3
339 274 1
339 417 1
339 418 1
339 423 3
339 435 1
339 502 1
339 504 1
339 520 1
339 526 1
339 584 1
339 588 1
339 946 1
340 129 5
340 209 5
340 286 4
340 523 4
340 558 5
340 692 1
340 727 3
340 756 3
340 813 5
340 815 4
340 3 1
340 4 1
340 7 4
340 8 2
340 11 2
340 13 3
340 15 4
340 23 1
340 25 4
340 26 1
340 28 3
340 32 1
340 47 1
340 56 4
340 58 1
340 68 1
340 92 1
340 93 1
340 95 2
340 98 4
340 100 5
340 108 1
340 111 4
340 122 1
340 123 1
340 124 1
340 125 2
340 131 1
340 132 4
340 133 1
340 134 1
340 135 4
340 143 3
340 144 2
340 156 1
340 160 2
340 174 4
340 175 4
340 179 1
340 188 1
340 189 4
340 191 4
340 192 1
340 193 1
340 194 4
340 196 3
340 197 1
340 204 4
340 208 2
340 212 1
340 216 4
340 220 1
340 223 1
340 237 4
340 238 4
340 240 1
340 248 1
340 251 1
340 255 1
340 257 2
340 262 1
340 274 2
340 276 3
340 282 1
340 287 1
340 288 3
340 289 3
340 294 3
340 297 1
340 298 1
340 301 3
340 319 1
340 320 2
340 326 1
340 327 1
340 357 3
340 367 1
340 378 1
340 381 2
340 382 1
340 408 3
340 410 1
340 412 1
340 421 1
340 423 4
340 427 1
340 433 3
340 461 1
340 478 1
340 482 1
340 483 3
340 487 1
340 496 2
340 499 1
340 508 3
340 517 1
340 518 2
340 531 1
340 535 1
340 544 1
340 547 1
340 574 1
340 581 1
340 584 1
340 591 1
340 606 1
340 607 1
340 654 1
340 655 2
340 656 1
340 657 1
340 663 1
340 699 1
340 723 2
340 724 2
340 732 1
340 746 1
340 762 1
340 764 1
340 772 1
340 789 1
340 792 1
340 818 1
340 844 1
340 846 1
340 866 1
340 873 1
340 875 1
340 928 1
340 950 1
340 952 1
340 965 2
340 974 1
340 975 1
341 12 5
341 48 3
341 152 4
341 175 5
341 180 5
341 283 4
341 475 5
341 508 5
341 528 3
341 823 3
341 1 4
341 3 2
341 4 2
341 7 4
341 8 1
341 9 4
341 10 2
341 11 3
341 20 1
341 23 2
341 25 4
341 26 1
341 28 3
341 38 1
341 42 1
341 44 2
341 47 1
341 50 4
341 52 1
341 53 2
341 55 1
341 56 4
341 57 1
341 58 1
341 62 1
341 63 1
341 65 1
341 66 1
341 67 1
341 68 1
341 69 3
341 76 3
341 77 1
341 79 4
341 81 2
341 82 3
341 83 1
341 86 1
341 87 1
341 88 1
341 89 4
341 90 1
341 97 3
341 98 4
341 100 4
341 117 4
341 118 3
341 121 3
341 124 3
341 127 4
341 130 3
341 132 4
341 134 1
341 135 4
341 137 2
341 143 2
341 144 1
341 147 1
341 153 4
341 154 1
341 155 1
341 156 1
341 159 2
341 163 1
341 164 1
341 168 4
341 169 1
341 174 4
341 176 4
341 177 2
341 179 2
341 186 2
341 187 4
341 188 1
341 189 3
341 191 4
341 193 1
341 194 4
341 196 4
341 197 4
341 199 1
341 200 1
341 208 1
341 211 3
341 214 1
341 223 1
341 228 4
341 229 1
341 231 1
341 234 3
341 235 2
341 236 1
341 237 4
341 238 5
341 241 1
341 250 2
341 257 2
341 265 3
341 269 4
341 275 2
341 276 4
341 277 1
341 288 3
341 297 1
341 302 2
341 303 1
341 306 1
341 318 4
341 324 3
341 333 1
341 334 2
341 357 4
341 358 1
341 367 1
341 371 1
341 375 1
341 382 1
341 385 1
341 405 3
341 408 3
341 410 2
341 423 4
341 427 2
341 429 2
341 435 1
341 449 1
341 458 1
341 461 1
341 462 1
341 463 3
341 471 2
341 473 1
341 474 3
341 476 1
341 483 4
341 498 1
341 499 1
341 510 2
341 515 1
341 521 1
341 523 1
341 527 2
341 530 1
341 536 4
341 546 3
341 555 1
341 559 1
341 561 2
341 568 2
341 569 2
341 581 2
341 582 1
341 606 1
341 614 2
341 631 1
341 642 3
341 654 1
341 655 4
341 657 1
341 660 1
341 684 1
341 702 1
341 703 1
341 708 2
341 712 1
341 724 1
341 727 1
341 729 1
341 739 1
341 744 1
341 747 1
341 778 1
341 786 3
341 792 1
341 919 2
341 921 1
341 930 1
341 931 1
341 943 4
341 950 1
341 951 1
341 961 1
341 980 3
342 12 5
342 71 3
342 121 3
342 151 5
342 268 3
342 273 4
342 303 4
342 367 5
342 421 2
342 972 4
342 1 4
342 4 1
342 5 1
342 7 4
342 8 1
342 9 4
342 11 3
342 13 4
342 14 2
342 22 4
342 25 3
342 26 1
342 39 1
342 45 1
342 58 1
342 70 3
342 73 1
342 79 4
342 86 1
342 87 1
342 88 2
342 89 4
342 95 2
342 96 3
342 97 3
342 98 4
342 106 1
342 111 3
342 118 3
342 119 5
342 122 1
342 124 3
342 125 3
342 127 4
342 129 1
342 132 1
342 137 2
342 148 1
342 169 1
342 172 4
342 174 5
342 175 3
342 176 4
342 181 4
342 183 3
342 190 1
342 191 4
342 195 4
342 196 3
342 198 1
342 202 3
342 203 2
342 204 4
342 208 1
342 210 4
342 213 1
342 215 2
342 216 4
342 222 4
342 228 3
342 235 3
342 237 3
342 244 1
342 245 3
342 246 3
342 248 1
342 251 1
342 255 1
342 269 4
342 272 1
342 274 3
342 275 2
342 276 3
342 278 1
342 280 1
342 281 1
342 283 1
342 284 2
342 285 1
342 286 4
342 288 3
342 291 1
342 295 1
342 297 1
342 298 2
342 301 1
342 304 1
342 306 1
342 311 1
342 313 4
342 315 1
342 316 1
342 322 2
342 357 3
342 372 1
342 385 1
342 405 3
342 433 2
342 451 1
342 459 1
342 462 1
342 471 3
342 472 1
342 476 1
342 477 1
342 478 1
342 479 1
342 486 1
342 487 1
342 494 1
342 508 4
342 509 1
342 511 1
342 516 1
342 535 1
342 537 1
342 559 1
342 562 1
342 568 2
342 597 3
342 619 1
342 647 1
342 660 1
342 663 1
342 678 2
342 684 1
342 694 1
342 696 1
342 707 1
342 708 1
342 709 1
342 713 1
342 716 1
342 742 3
342 751 1
342 764 1
342 815 1
342 844 1
342 845 2
342 864 1
342 896 2
342 926 1
342 928 1
342 955 2
343 5 3
343 56 5
343 117 4
343 251 5
343 268 4
343 293 4
343 297 4
343 301 4
343 535 3
343 762 5
343 1 4
343 4 1
343 9 4
343 11 4
343 13 4
343 14 1
343 15 4
343 25 4
343 26 1
343 28 3
343 33 1
343 43 1
343 44 2
343 48 1
343 49 1
343 50 4
343 51 1
343 64 5
343 65 1
343 66 1
343 69 4
343 70 4
343 71 2
343 77 1
343 79 4
343 81 1
343 87 1
343 88 1
343 93 2
343 98 4
343 100 4
343 111 3
343 118 3
343 121 3
343 124 3
343 125 3
343 126 1
343 131 1
343 132 3
343 137 3
343 143 1
343 148 1
343 151 4
343 170 1
343 172 4
343 173 4
343 174 4
343 191 4
343 196 4
343 197 2
343 202 3
343 204 4
343 216 4
343 220 1
343 221 1
343 223 1
343 226 1
343 234 4
343 235 3
343 237 4
343 239 1
343 241 1
343 245 3
343 246 3
343 255 2
343 258 4
343 262 1
343 269 4
343 272 3
343 274 2
343 278 1
343 280 1
343 282 3
343 283 1
343 284 2
343 285 1
343 287 1
343 288 3
343 289 3
343 291 1
343 294 3
343 295 1
343 298 3
343 300 3
343 302 4
343 303 1
343 305 2
343 311 1
343 312 2
343 313 4
343 315 1
343 317 1
343 323 2
343 325 1
343 332 1
343 333 3
343 356 1
343 365 1
343 367 1
343 378 1
343 381 1
343 382 1
343 387 1
343 402 1
343 403 4
343 405 3
343 416 1
343 433 4
343 443 2
343 451 1
343 461 1
343 464 3
343 471 3
343 473 1
343 476 1
343 479 1
343 481 1
343 485 1
343 498 1
343 508 4
343 518 2
343 534 1
343 550 1
343 559 2
343 566 1
343 568 4
343 582 1
343 588 2
343 620 1
343 639 1
343 651 1
343 655 3
343 660 1
343 676 1
343 696 2
343 702 1
343 708 1
343 709 1
343 715 1
343 716 1
343 722 1
343 724 1
343 732 1
343 736 1
343 737 1
343 738 2
343 739 1
343 742 3
343 744 1
343 747 1
343 748 2
343 772 3
343 781 1
343 845 1
343 846 1
343 866 1
343 879 1
343 886 1
343 903 1
343 919 1
343 949 1
343 955 2
343 956 1
343 972 1
343 988 1
344 77 4
344 128 2
344 156 4
344 237 4
344 241 4
344 363 3
344 423 4
344 571 3
344 932 2
344 951 2
344 2 1
344 3 1
344 4 1
344 7 3
344 11 2
344 12 3
344 17 1
344 22 4
344 29 1
344 31 1
344 33 1
344 38 1
344 50 5
344 53 1
344 54 2
344 55 1
344 56 4
344 62 1
344 64 4
344 67 1
344 72 1
344 76 1
344 83 1
344 89 3
344 91 1
344 92 1
344 94 1
344 97 3
344 98 4
344 100 4
344 110 2
344 117 4
344 120 1
344 121 3
344 127 4
344 132 1
344 133 1
344 134 1
344 141 1
344 143 1
344 144 1
344 147 1
344 153 1
344 157 1
344 158 1
344 161 3
344 167 1
344 168 2
344 172 2
344 173 3
344 174 4
344 176 3
344 180 1
344 181 4
344 183 2
344 184 1
344 186 1
344 187 1
344 188 1
344 203 2
344 204 3
344 210 4
344 211 1
344 213 1
344 215 2
344 216 4
344 218 1
344 219 1
344 232 1
344 234 3
344 240 1
344 245 1
344 250 1
344 259 1
344 265 2
344 273 1
344 276 1
344 288 4
344 291 1
344 293 1
344 294 3
344 300 3
344 302 1
344 318 4
344 322 1
344 325 1
344 333 1
344 358 1
344 366 1
344 369 1
344 375 2
344 385 1
344 391 1
344 392 1
344 394 1
344 403 1
344 405 3
344 415 1
344 431 1
344 455 1
344 470 1
344 496 1
344 518 1
344 520 1
344 541 1
344 546 2
344 549 1
344 550 1
344 561 1
344 569 1
344 572 2
344 576 1
344 578 1
344 582 1
344 597 3
344 616 1
344 636 1
344 642 1
344 657 1
344 669 1
344 673 1
344 684 2
344 685 1
344 708 1
344 712 1
344 727 1
344 732 1
344 739 1
344 742 3
344 743 1
344 746 1
344 748 1
344 780 1
344 785 2
344 802 1
344 809 1
344 831 1
344 842 1
344 879 1
344 944 1
344 959 1
344 967 1
344 977 1
345 77 5
345 100 3
345 132 5
345 144 5
345 246 4
345 257 4
345 273 5
345 288 5
345 435 5
345 756 2
345 1 4
345 7 4
345 12 5
345 15 4
345 17 1
345 22 4
345 24 3
345 25 4
345 28 4
345 31 1
345 50 4
345 55 1
345 56 4
345 65 3
345 68 2
345 69 3
345 70 4
345 73 1
345 76 1
345 79 4
345 82 4
345 85 3
345 87 1
345 91 1
345 96 4
345 97 4
345 98 4
345 99 4
345 117 4
345 118 3
345 125 3
345 127 5
345 137 4
345 151 4
345 156 1
345 157 2
345 158 1
345 159 1
345 163 3
345 164 2
345 168 4
345 172 4
345 173 4
345 174 4
345 176 4
345 177 2
345 181 4
345 182 4
345 183 4
345 187 4
345 188 2
345 192 1
345 195 4
345 200 3
345 202 4
345 203 3
345 204 4
345 208 4
345 215 4
345 216 4
345 222 4
345 223 2
345 226 2
345 227 3
345 230 3
345 233 2
345 235 3
345 239 1
345 240 2
345 241 3
345 245 3
345 252 2
345 258 4
345 268 4
345 271 2
345 276 4
345 280 1
345 286 3
345 290 2
345 291 1
345 293 1
345 294 3
345 298 3
345 300 3
345 317 1
345 318 4
345 323 2
345 324 1
345 328 4
345 333 3
345 356 1
345 369 2
345 371 1
345 385 4
345 386 2
345 392 1
345 403 3
345 404 3
345 405 3
345 410 3
345 416 3
345 423 4
345 432 2
345 460 2
345 462 3
345 465 2
345 468 2
345 470 1
345 471 3
345 472 3
345 475 4
345 501 1
345 508 4
345 544 2
345 550 2
345 568 4
345 588 3
345 595 2
345 597 3
345 609 3
345 655 4
345 660 1
345 685 3
345 686 1
345 689 1
345 692 3
345 699 2
345 721 1
345 735 1
345 742 3
345 763 1
345 806 2
345 819 1
345 820 1
345 827 1
345 829 1
345 831 2
345 841 1
345 871 2
345 879 1
345 928 1
345 930 1
345 943 1
345 959 1
345 977 1
345 982 2
346 1 4
346 15 4
346 100 4
346 111 5
346 313 5
346 323 5
346 409 4
346 476 4
346 742 4
346 928 5
346 7 4
346 25 3
346 107 1
346 118 3
346 121 3
346 123 2
346 126 3
346 147 4
346 225 3
346 240 3
346 243 1
346 245 3
346 276 3
346 288 3
346 291 3
346 294 3
346 368 1
346 370 2
346 405 3
346 406 2
346 411 3
346 412 1
346 472 3
346 473 1
346 477 2
346 546 3
346 628 3
346 756 2
346 819 3
346 831 2
346 834 1
346 924 2
346 926 2
346 934 3
346 974 3
346 975 3
346 988 1
347 10 5
347 105 2
347 120 3
347 121 2
347 126 2
347 288 3
347 325 3
347 370 2
347 744 2
347 823 4
347 9 3
347 15 4
347 20 1
347 100 4
347 118 3
347 125 3
347 237 3
347 276 3
347 411 3
347 412 1
347 455 1
347 458 1
347 471 2
347 475 2
347 544 1
347 596 2
347 847 1
348 1 4
348 98 4
348 153 3
348 176 4
348 185 5
348 195 5
348 258 3
348 265 2
348 286 5
348 340 4
348 23 1
348 50 4
348 89 4
348 132 3
348 133 1
348 136 1
348 168 4
348 172 4
348 173 4
348 174 4
348 179 1
348 183 3
348 193 1
348 204 4
348 210 4
348 211 2
348 214 1
348 228 4
348 271 1
348 324 1
348 435 3
348 479 1
348 480 1
348 483 2
348 489 1
348 515 1
348 530 1
348 589 1
348 604 1
348 616 1
348 654 1
348 657 1
349 245 3
349 300 5
349 322 5
349 327 5
349 328 4
349 678 4
349 689 4
349 750 5
349 882 5
349 888 4
349 286 3
349 288 3
349 289 2
349 292 1
349 301 1
349 310 1
349 311 1
349 312 1
349 313 4
349 323 3
349 326 1
349 332 1
349 340 1
349 341 2
349 343 1
349 359 1
349 538 1
349 748 3
349 751 2
349 754 1
349 873 1
349 879 1
349 880 1
349 984 1
349 989 1
349 990 1
350 12 4
350 17 2
350 50 5
350 55 1
350 56 5
350 82 3
350 86 4
350 98 5
350 172 5
350 657 4
350 4 3
350 7 3
350 39 2
350 79 4
350 89 4
350 92 3
350 96 4
350 100 4
350 129 3
350 144 4
350 156 3
350 173 4
350 176 4
350 181 4
350 182 4
350 183 4
350 194 4
350 195 4
350 216 4
350 228 4
350 234 4
350 273 4
350 302 4
350 385 3
350 568 4
350 653 2
350 692 3
350 746 2
351 245 4
351 258 5
351 260 1
351 270 2
351 271 2
351 286 5
351 315 4
351 316 5
351 326 2
351 333 4
351 272 4
351 300 3
351 301 3
351 327 3
351 328 3
351 331 1
351 332 3
351 340 3
351 343 1
351 346 2
351 358 1
351 750 1
351 905 3
352 14 4
352 20 5
352 81 3
352 89 4
352 100 5
352 169 3
352 173 3
352 286 4
352 558 4
352 664 5
352 7 4
352 9 4
352 19 2
352 25 4
352 32 2
352 42 2
352 47 1
352 50 4
352 52 2
352 57 3
352 58 1
352 59 4
352 60 4
352 61 2
352 66 2
352 70 4
352 79 4
352 83 3
352 86 3
352 87 2
352 88 2
352 93 1
352 98 4
352 109 3
352 116 1
352 124 4
352 131 2
352 133 1
352 134 2
352 135 4
352 136 1
352 137 4
352 143 4
352 149 2
352 151 3
352 152 1
352 153 4
352 154 3
352 155 2
352 162 3
352 166 1
352 168 4
352 171 3
352 174 4
352 175 4
352 180 2
352 186 4
352 189 3
352 190 2
352 191 4
352 193 1
352 197 4
352 199 3
352 202 4
352 208 4
352 209 4
352 211 4
352 213 3
352 216 4
352 238 4
352 241 1
352 242 2
352 246 1
352 248 1
352 251 2
352 255 2
352 257 4
352 258 4
352 268 4
352 269 4
352 270 1
352 272 2
352 275 4
352 276 4
352 281 2
352 285 1
352 287 1
352 297 2
352 303 2
352 305 1
352 306 1
352 308 1
352 311 3
352 313 4
352 318 4
352 321 2
352 344 1
352 381 1
352 382 2
352 387 3
352 414 3
352 419 2
352 421 2
352 423 4
352 428 1
352 429 1
352 435 4
352 462 2
352 463 2
352 464 1
352 473 2
352 478 1
352 479 3
352 480 2
352 483 5
352 485 3
352 487 4
352 489 4
352 494 3
352 496 4
352 497 3
352 498 1
352 507 3
352 508 4
352 509 1
352 511 2
352 513 2
352 515 3
352 516 2
352 518 2
352 520 2
352 528 1
352 529 2
352 531 1
352 533 1
352 582 2
352 584 3
352 602 2
352 603 2
352 604 2
352 605 3
352 606 1
352 607 1
352 629 1
352 631 1
352 638 2
352 650 2
352 651 2
352 652 1
352 657 1
352 659 1
352 660 1
352 661 1
352 692 3
352 694 3
352 699 3
352 702 3
352 705 2
352 707 2
352 709 1
352 716 3
352 732 2
352 733 1
352 735 1
352 736 2
352 737 1
352 740 2
352 753 3
352 792 1
352 811 4
352 847 1
352 855 2
352 863 4
352 865 1
352 882 2
352 889 1
352 900 1
352 904 5
352 929 1
352 953 4
352 955 2
352 956 1
352 958 4
352 962 2
353 242 4
353 286 5
353 288 5
353 300 4
353 310 4
353 324 4
353 329 3
353 336 4
353 360 4
353 872 4
353 260 1
353 264 2
353 271 2
353 306 1
353 307 2
353 328 3
353 358 1
353 681 3
353 882 1
354 272 5
354 286 3
354 292 3
354 310 3
354 313 5
354 315 4
354 328 4
354 333 5
354 347 4
354 892 1
354 300 3
354 307 3
354 312 1
354 316 2
354 326 2
354 331 2
354 689 1
354 748 2
354 937 1
355 117 5
355 147 5
355 258 4
355 294 4
355 326 5
355 411 3
355 744 5
355 864 5
355 928 4
355 977 5
355 1 4
355 7 4
355 10 1
355 24 2
355 105 1
355 111 3
355 118 3
355 123 1
355 125 4
355 126 1
355 150 2
355 151 3
355 220 1
355 222 3
355 235 2
355 237 4
355 245 3
355 270 1
355 273 3
355 274 3
355 275 2
355 280 1
355 284 3
355 287 1
355 291 1
355 304 2
355 322 2
355 334 1
355 405 4
355 407 1
355 455 1
355 456 1
355 471 4
355 472 1
355 473 1
355 476 2
355 546 3
355 595 2
355 597 3
355 685 3
355 687 1
355 713 1
355 742 4
355 760 2
355 819 1
355 820 2
355 831 1
355 833 1
355 866 1
355 932 2
355 984 1
356 59 4
356 65 4
356 127 1
356 174 1
356 268 3
356 318 5
356 512 5
356 638 3
356 666 3
356 863 5
356 8 3
356 132 3
356 179 2
356 213 1
356 324 1
356 357 4
356 382 1
356 469 1
356 482 1
356 511 3
356 529 1
356 558 1
356 582 1
356 584 3
356 639 1
356 643 4
356 855 1
356 896 1
356 918 4
357 24 3
357 117 4
357 121 4
357 246 3
357 270 4
357 273 4
357 323 3
357 546 3
357 751 4
357 831 3
357 1 4
357 7 3
357 118 3
357 181 3
357 250 1
357 268 3
357 286 3
357 295 1
357 298 1
357 313 4
357 405 4
357 408 1
357 455 1
357 472 1
357 748 3
358 100 5
358 124 5
358 127 5
358 283 4
358 483 5
358 496 3
358 511 5
358 531 4
358 582 4
358 748 2
358 1 4
358 10 3
358 13 4
358 14 4
358 23 2
358 25 4
358 28 4
358 45 4
358 50 4
358 56 4
358 64 5
358 79 4
358 116 1
358 134 3
358 157 2
358 165 4
358 166 1
358 170 3
358 172 4
358 174 4
358 181 4
358 187 4
358 191 4
358 194 4
358 195 4
358 197 4
358 199 3
358 205 2
358 207 2
358 210 4
358 222 4
358 237 3
358 238 4
358 242 2
358 248 1
358 251 4
358 269 4
358 271 1
358 275 4
358 284 3
358 286 3
358 297 3
358 302 4
358 303 2
358 304 1
358 306 2
358 308 1
358 309 2
358 321 3
358 326 1
358 328 3
358 334 3
358 357 4
358 405 3
358 423 4
358 479 3
358 515 3
358 521 3
358 523 2
358 588 3
358 654 3
358 661 1
358 663 1
358 735 1
358 744 1
358 845 3
358 933 1
358 936 1
358 963 4
359 49 3
359 70 4
359 165 5
359 213 5
359 333 2
359 402 3
359 652 4
359 655 3
359 707 4
359 727 3
359 12 2
359 14 1
359 23 1
359 26 1
359 53 1
359 55 1
359 56 4
359 59 1
359 60 1
359 66 1
359 79 4
359 83 1
359 86 1
359 88 1
359 90 1
359 97 4
359 98 4
359 100 4
359 111 3
359 129 1
359 148 1
359 150 1
359 156 1
359 166 1
359 168 2
359 170 1
359 173 2
359 176 1
359 178 1
359 179 1
359 183 1
359 185 1
359 186 1
359 190 1
359 197 1
359 203 1
359 204 4
359 207 1
359 212 1
359 216 4
359 218 1
359 222 4
359 228 1
359 234 3
359 237 4
359 238 1
359 258 4
359 269 1
359 273 1
359 274 2
359 275 2
359 276 3
359 286 3
359 340 1
359 387 1
359 421 1
359 430 1
359 435 1
359 451 1
359 466 1
359 475 1
359 498 1
359 502 1
359 504 1
359 513 1
359 514 1
359 517 1
359 524 1
359 525 1
359 531 1
359 611 1
359 639 4
359 654 1
359 657 1
359 659 1
359 673 1
359 684 2
359 694 1
359 705 1
359 709 1
359 737 1
359 739 1
359 742 1
359 762 1
359 770 1
359 781 1
359 794 3
359 813 1
359 934 1
359 949 1
360 264 1
360 268 2
360 313 4
360 322 3
360 323 2
360 332 5
360 333 5
360 336 2
360 689 5
360 748 1
360 245 3
360 258 4
360 288 3
360 294 3
360 300 4
360 302 4
360 312 2
360 328 4
360 350 2
361 54 3
361 69 3
361 143 2
361 185 5
361 435 3
361 518 4
361 557 1
361 657 5
361 849 2
361 919 5
361 1 4
361 2 2
361 4 3
361 5 1
361 7 4
361 9 4
361 11 3
361 22 4
361 29 1
361 32 1
361 37 1
361 38 2
361 44 2
361 47 2
361 50 4
361 55 1
361 56 4
361 58 2
361 62 1
361 65 1
361 66 2
361 67 1
361 68 1
361 70 3
361 71 4
361 72 1
361 73 1
361 77 1
361 79 4
361 81 2
361 82 3
361 87 1
361 88 2
361 89 4
361 90 1
361 91 1
361 93 1
361 95 3
361 96 4
361 97 4
361 98 4
361 101 1
361 102 2
361 114 1
361 117 3
361 120 1
361 121 3
361 128 2
361 134 3
361 137 1
361 144 3
361 145 1
361 151 3
361 152 3
361 154 2
361 155 3
361 156 1
361 159 1
361 161 3
361 163 1
361 164 2
361 169 1
361 171 2
361 172 4
361 173 4
361 174 5
361 179 2
361 182 4
361 183 4
361 184 2
361 186 3
361 187 3
361 188 2
361 189 1
361 193 1
361 195 4
361 196 4
361 200 2
361 201 2
361 204 4
361 206 2
361 208 2
361 210 4
361 212 1
361 215 3
361 216 4
361 217 2
361 218 3
361 222 3
361 226 1
361 227 2
361 228 4
361 229 3
361 231 1
361 234 4
361 235 1
361 237 4
361 248 1
361 250 1
361 258 4
361 264 1
361 265 3
361 270 1
361 271 2
361 282 1
361 283 1
361 284 1
361 288 3
361 290 2
361 293 3
361 298 1
361 307 1
361 315 4
361 316 1
361 317 1
361 322 1
361 325 1
361 328 3
361 333 1
361 336 1
361 346 3
361 347 1
361 350 2
361 351 2
361 366 3
361 370 1
361 380 1
361 387 1
361 391 1
361 393 3
361 402 3
361 403 3
361 405 3
361 408 1
361 417 2
361 423 4
361 426 1
361 428 3
361 429 1
361 431 1
361 433 4
361 443 4
361 444 2
361 448 4
361 449 1
361 451 3
361 461 2
361 469 1
361 472 2
361 473 1
361 474 2
361 505 2
361 506 3
361 511 4
361 523 2
361 531 3
361 537 3
361 546 3
361 550 2
361 552 2
361 554 2
361 555 4
361 559 2
361 561 2
361 566 2
361 568 4
361 569 3
361 571 1
361 572 3
361 575 2
361 578 1
361 588 3
361 590 1
361 591 2
361 597 1
361 603 3
361 616 2
361 625 3
361 631 1
361 640 1
361 650 3
361 651 3
361 653 4
361 658 2
361 660 2
361 665 1
361 673 1
361 675 2
361 678 1
361 679 2
361 682 1
361 685 3
361 691 1
361 698 3
361 699 1
361 707 3
361 709 1
361 710 3
361 719 2
361 735 2
361 741 1
361 742 3
361 746 1
361 747 1
361 752 3
361 760 1
361 761 1
361 767 1
361 774 2
361 778 1
361 792 1
361 802 3
361 805 1
361 809 2
361 816 3
361 825 2
361 831 2
361 854 4
361 859 2
361 895 2
361 906 3
361 933 1
361 940 1
361 946 2
361 959 3
361 979 1
362 261 2
362 262 3
362 269 4
362 286 5
362 294 5
362 302 4
362 325 4
362 690 4
362 948 4
362 990 4
362 288 3
362 289 2
362 319 2
362 321 3
362 875 1
362 988 2
363 15 3
363 100 5
363 235 2
363 269 4
363 276 2
363 289 3
363 340 5
363 342 2
363 762 4
363 895 4
363 1 4
363 7 4
363 13 3
363 25 3
363 109 3
363 124 4
363 125 3
363 137 3
363 150 3
363 151 3
363 222 4
363 258 4
363 268 4
363 271 1
363 272 4
363 275 3
363 277 2
363 285 1
363 287 1
363 288 3
363 294 3
363 301 3
363 309 1
363 315 1
363 316 1
363 321 3
363 326 1
363 352 1
363 473 1
363 476 3
363 591 2
363 742 3
363 813 1
363 846 1
363 894 1
363 908 1
363 948 2
363 995 1
364 7 2
364 53 5
364 56 5
364 185 5
364 200 5
364 436 5
364 443 5
364 447 5
364 573 5
364 671 5
364 98 4
364 164 2
364 184 1
364 201 1
364 217 2
364 218 1
364 219 2
364 234 4
364 413 2
364 445 1
364 448 2
364 559 2
364 561 2
364 672 2
364 853 5
364 854 2
364 860 2
365 7 5
365 100 5
365 164 4
365 219 4
365 334 4
365 551 3
365 561 4
365 563 4
365 564 2
365 774 4
365 5 1
365 17 2
365 50 4
365 53 1
365 56 4
365 98 4
365 145 1
365 176 4
365 179 1
365 183 3
365 184 1
365 200 1
365 201 1
365 218 1
365 234 3
365 246 1
365 250 2
365 258 4
365 288 3
365 302 2
365 324 1
365 326 2
365 333 2
365 379 1
365 406 1
365 413 2
365 436 1
365 441 2
365 443 2
365 448 1
365 452 1
365 559 1
365 567 1
365 637 3
365 665 2
365 670 1
365 672 1
365 760 1
365 769 1
365 800 1
365 919 1
366 50 4
366 96 3
366 145 2
366 183 5
366 219 2
366 288 3
366 292 4
366 436 3
366 551 4
366 777 2
366 11 4
366 17 1
366 56 4
366 89 4
366 98 4
366 100 4
366 127 4
366 181 4
366 184 2
366 201 1
366 217 1
366 218 1
366 234 4
366 313 4
366 320 1
366 379 1
366 396 1
366 561 1
366 567 1
366 569 1
366 637 2
366 670 2
366 672 2
366 774 1
367 114 5
367 168 3
367 268 5
367 271 5
367 316 5
367 751 4
367 752 4
367 900 4
367 919 5
367 948 2
367 50 4
367 166 1
367 172 1
367 179 1
367 181 3
367 243 1
367 346 1
367 358 1
367 890 2
367 988 1
368 52 4
368 64 4
368 100 4
368 107 4
368 199 4
368 238 4
368 322 3
368 435 3
368 631 4
368 678 4
368 12 4
368 22 4
368 31 1
368 42 1
368 50 4
368 56 4
368 98 4
368 114 1
368 116 1
368 134 2
368 135 4
368 136 3
368 153 4
368 172 4
368 174 4
368 175 4
368 176 4
368 181 4
368 183 4
368 193 1
368 195 4
368 209 4
368 210 4
368 222 4
368 257 3
368 265 2
368 269 4
368 285 1
368 294 3
368 321 1
368 323 3
368 423 4
368 425 1
368 433 3
368 443 1
368 480 1
368 484 2
368 493 4
368 494 2
368 497 3
368 511 2
368 514 4
368 525 4
368 603 2
368 604 2
368 607 2
368 608 4
368 613 4
368 657 2
368 659 3
368 661 1
368 705 2
368 856 4
368 923 1
369 42 3
369 79 5
369 185 3
369 186 5
369 234 5
369 357 5
369 423 5
369 504 4
369 527 5
369 663 5
369 1 4
369 22 4
369 24 2
369 50 4
369 55 1
369 64 4
369 69 3
369 77 1
369 97 3
369 98 4
369 117 3
369 174 4
369 175 3
369 177 1
369 179 2
369 180 2
369 181 4
369 183 4
369 194 2
369 197 4
369 210 3
369 237 3
369 265 3
369 393 2
369 431 1
369 435 2
369 443 3
369 449 1
369 452 1
369 523 1
369 627 1
369 655 2
369 746 1
370 164 4
370 183 5
370 286 5
370 333 5
370 448 4
370 452 4
370 559 4
370 581 5
370 635 5
370 696 4
370 5 1
370 12 4
370 23 1
370 44 1
370 56 4
370 77 1
370 79 4
370 98 4
370 100 4
370 129 1
370 148 1
370 159 1
370 176 4
370 185 2
370 200 3
370 201 1
370 218 1
370 219 1
370 262 1
370 288 3
370 299 1
370 322 3
370 325 1
370 327 2
370 332 2
370 436 1
370 441 1
370 443 3
370 446 1
370 447 1
370 547 1
370 561 1
370 574 1
370 595 1
370 628 1
370 637 3
370 649 3
370 672 1
370 674 1
370 678 2
370 874 2
370 875 1
371 71 5
371 169 5
371 204 5
371 380 4
371 385 3
371 432 5
371 496 5
371 596 3
371 633 4
371 734 3
371 2 1
371 4 1
371 12 3
371 15 3
371 20 1
371 22 4
371 24 1
371 25 3
371 28 4
371 31 1
371 48 1
371 50 5
371 58 2
371 64 5
371 66 1
371 68 1
371 70 4
371 80 1
371 81 2
371 82 4
371 83 1
371 89 4
371 90 2
371 94 2
371 95 3
371 96 4
371 97 3
371 99 2
371 100 4
371 102 1
371 105 1
371 110 1
371 114 3
371 117 4
371 127 4
371 132 4
371 136 1
371 139 1
371 142 1
371 143 4
371 144 3
371 150 1
371 151 4
371 154 1
371 155 1
371 156 1
371 161 3
371 162 1
371 163 2
371 165 1
371 166 1
371 172 4
371 173 4
371 175 3
371 177 1
371 179 1
371 180 1
371 181 4
371 184 1
371 186 4
371 189 2
371 191 4
371 194 4
371 195 4
371 196 4
371 197 1
371 202 4
371 206 1
371 208 2
371 209 4
371 210 4
371 211 3
371 213 1
371 214 1
371 215 3
371 217 1
371 225 1
371 226 1
371 228 4
371 230 4
371 232 1
371 239 3
371 241 1
371 259 1
371 265 2
371 269 1
371 275 1
371 278 1
371 281 1
371 286 4
371 290 2
371 318 4
371 357 3
371 366 1
371 378 2
371 382 2
371 386 2
371 389 1
371 390 2
371 392 1
371 393 2
371 399 1
371 401 2
371 402 1
371 403 3
371 404 1
371 409 1
371 414 3
371 417 1
371 418 1
371 420 2
371 421 1
371 423 4
371 427 2
371 431 1
371 433 2
371 435 1
371 451 2
371 472 2
371 474 1
371 480 1
371 485 2
371 487 1
371 488 2
371 494 1
371 497 1
371 499 1
371 506 1
371 510 1
371 514 1
371 520 1
371 527 2
371 550 1
371 553 1
371 559 2
371 566 1
371 568 4
371 571 3
371 577 2
371 588 4
371 598 1
371 603 1
371 625 1
371 627 4
371 645 1
371 648 2
371 649 2
371 651 1
371 655 2
371 658 1
371 660 1
371 679 1
371 694 3
371 699 1
371 704 3
371 705 1
371 707 1
371 709 1
371 715 1
371 724 1
371 727 1
371 729 1
371 732 1
371 746 1
371 747 1
371 748 1
371 756 1
371 778 1
371 828 1
371 842 1
371 843 4
371 849 1
371 941 1
371 946 2
371 949 1
372 2 4
372 38 4
372 124 3
372 172 3
372 393 4
372 696 3
372 758 1
372 763 3
372 832 1
372 948 2
372 1 4
372 5 1
372 7 4
372 9 3
372 11 2
372 12 2
372 15 3
372 17 1
372 23 1
372 24 1
372 28 2
372 29 1
372 39 1
372 48 1
372 50 5
372 56 4
372 64 4
372 66 1
372 68 1
372 69 3
372 70 3
372 71 3
372 77 1
372 87 1
372 89 4
372 95 1
372 97 1
372 98 4
372 100 4
372 106 1
372 111 2
372 116 1
372 118 2
372 120 1
372 121 3
372 122 1
372 123 1
372 125 1
372 126 1
372 127 4
372 129 1
372 135 4
372 143 1
372 144 2
372 147 1
372 148 1
372 150 1
372 151 2
372 156 2
372 159 1
372 161 2
372 162 1
372 168 2
372 173 4
372 174 4
372 176 4
372 182 2
372 183 4
372 185 2
372 186 1
372 192 1
372 195 4
372 197 1
372 200 1
372 202 2
372 204 4
372 210 4
372 216 4
372 218 1
372 222 4
372 223 1
372 225 1
372 226 1
372 228 2
372 229 1
372 230 1
372 231 1
372 233 1
372 234 3
372 235 1
372 237 4
372 240 1
372 247 1
372 248 1
372 252 1
372 254 2
372 257 1
372 265 1
372 279 1
372 280 1
372 282 1
372 284 1
372 289 1
372 291 1
372 292 1
372 310 1
372 318 2
372 322 1
372 323 1
372 356 1
372 363 1
372 369 1
372 385 2
372 403 1
372 405 3
372 412 1
372 423 3
372 424 1
372 427 2
372 449 1
372 450 1
372 454 2
372 458 1
372 463 1
372 465 2
372 466 1
372 467 1
372 468 1
372 475 2
372 476 1
372 483 3
372 521 1
372 527 1
372 540 1
372 544 1
372 550 1
372 552 1
372 554 1
372 558 1
372 566 1
372 568 2
372 572 1
372 576 1
372 581 1
372 591 1
372 619 1
372 620 1
372 628 1
372 637 1
372 642 1
372 651 1
372 665 1
372 685 1
372 692 1
372 717 1
372 735 1
372 741 1
372 742 2
372 743 1
372 756 1
372 761 1
372 762 1
372 770 1
372 789 1
372 815 1
372 819 1
372 820 1
372 824 1
372 844 1
372 845 1
372 846 1
372 872 1
372 880 1
372 924 1
372 928 1
372 930 1
372 931 1
372 932 1
372 934 1
372 952 1
372 963 1
372 974 1
372 975 1
372 977 1
372 978 1
372 979 1
372 983 1
372 986 1
373 39 3
373 77 4
373 183 5
373 185 5
373 218 3
373 300 4
373 525 4
373 566 4
373 684 4
373 770 3
373 5 2
373 44 3
373 176 4
373 233 2
373 288 3
373 302 1
373 356 1
373 443 3
373 573 2
373 583 1
373 603 2
373 761 3
373 773 1
373 939 4
374 14 4
374 111 4
374 237 3
374 246 3
374 268 3
374 289 3
374 321 3
374 357 4
374 514 4
374 762 4
374 11 3
374 98 4
374 154 1
374 181 4
374 197 2
374 198 1
374 223 1
374 269 4
374 274 2
374 275 2
374 288 3
374 301 2
374 328 3
374 427 1
374 603 2
374 663 1
374 707 1
375 7 4
375 100 3
375 194 5
375 200 5
375 258 4
375 271 4
375 288 5
375 508 4
375 751 3
375 895 3
375 56 4
375 98 4
375 154 1
375 164 1
375 168 4
375 173 4
375 219 1
375 234 3
375 268 3
375 272 1
375 313 4
375 316 1
375 323 2
375 338 1
375 354 1
375 358 1
375 443 1
375 682 2
375 748 3
376 53 3
376 133 5
376 203 4
376 220 2
376 304 4
376 367 3
376 450 3
376 727 4
376 736 4
376 744 3
376 1 3
376 2 1
376 4 1
376 5 1
376 7 4
376 8 3
376 9 4
376 10 1
376 11 2
376 12 1
376 13 1
376 14 1
376 15 2
376 21 1
376 22 1
376 28 1
376 29 1
376 31 1
376 40 1
376 42 1
376 43 1
376 48 1
376 49 1
376 50 4
376 52 1
376 54 1
376 58 1
376 59 2
376 62 1
376 63 1
376 65 1
376 66 1
376 68 1
376 70 3
376 73 1
376 77 1
376 79 4
376 86 1
376 87 1
376 88 1
376 89 2
376 91 1
376 94 1
376 95 1
376 99 1
376 100 5
376 106 1
376 110 1
376 111 2
376 117 2
376 121 3
376 123 1
376 125 2
376 126 1
376 132 3
376 135 3
376 141 3
376 143 2
376 144 1
376 148 1
376 151 3
376 153 2
376 155 1
376 157 1
376 159 1
376 161 2
376 162 2
376 167 1
376 172 2
376 173 4
376 174 3
376 175 4
376 176 2
376 179 1
376 180 1
376 181 4
376 182 1
376 186 1
376 191 4
376 194 2
376 195 3
376 196 2
376 197 1
376 200 1
376 202 1
376 207 1
376 210 3
376 213 1
376 215 2
376 217 1
376 218 1
376 222 4
376 223 1
376 226 1
376 227 1
376 230 1
376 231 1
376 233 1
376 234 2
376 235 1
376 237 3
376 239 1
376 241 1
376 245 1
376 248 1
376 252 1
376 254 1
376 255 1
376 257 1
376 258 4
376 269 2
376 272 1
376 273 1
376 274 2
376 275 2
376 276 2
376 277 1
376 280 1
376 281 1
376 282 1
376 283 1
376 284 1
376 285 1
376 286 3
376 288 2
376 289 1
376 294 3
376 295 2
376 298 1
376 300 3
376 301 1
376 302 1
376 317 1
376 318 3
376 319 1
376 321 1
376 326 1
376 328 1
376 356 1
376 365 1
376 380 1
376 381 1
376 382 1
376 385 1
376 386 1
376 387 1
376 392 1
376 393 1
376 396 1
376 401 1
376 403 1
376 404 1
376 405 3
376 409 1
376 410 1
376 411 1
376 417 1
376 418 1
376 419 1
376 420 1
376 423 2
376 432 1
376 433 2
376 435 1
376 447 1
376 449 1
376 451 1
376 458 2
376 465 1
376 468 1
376 469 1
376 471 1
376 476 1
376 479 1
376 482 1
376 485 2
376 496 2
376 500 1
376 501 1
376 508 1
376 509 1
376 517 1
376 527 1
376 528 2
376 542 1
376 546 2
376 549 2
376 554 1
376 559 1
376 566 1
376 568 2
376 572 1
376 575 1
376 576 1
376 582 1
376 591 1
376 596 1
376 597 1
376 606 2
376 619 1
376 620 1
376 623 1
376 629 2
376 631 1
376 632 1
376 635 1
376 636 1
376 651 1
376 655 1
376 663 1
376 665 1
376 674 1
376 684 1
376 686 1
376 692 1
376 693 1
376 694 1
376 696 1
376 699 1
376 702 1
376 703 3
376 707 1
376 708 1
376 709 1
376 715 1
376 716 1
376 720 1
376 722 1
376 723 2
376 724 1
376 729 1
376 731 1
376 732 1
376 734 1
376 739 1
376 742 1
376 747 1
376 755 1
376 756 1
376 762 1
376 768 1
376 775 1
376 778 1
376 780 1
376 787 1
376 792 1
376 793 1
376 796 1
376 806 1
376 807 1
376 845 1
376 866 1
376 875 1
376 896 1
376 918 2
376 921 3
376 924 1
376 926 1
376 928 1
376 930 1
376 939 1
376 942 2
376 951 2
376 959 1
376 961 1
376 969 2
376 972 1
376 977 1
376 979 1
377 1 4
377 2 3
377 12 5
377 144 5
377 164 4
377 271 3
377 401 3
377 496 5
377 504 5
377 736 4
377 4 1
377 8 2
377 9 4
377 23 1
377 50 4
377 52 2
377 54 1
377 56 4
377 62 1
377 63 1
377 64 5
377 69 4
377 79 4
377 82 4
377 83 1
377 88 3
377 89 4
377 90 1
377 93 1
377 96 4
377 98 4
377 100 4
377 116 1
377 124 2
377 127 4
377 131 2
377 133 2
377 135 3
377 137 1
377 141 2
377 152 2
377 153 4
377 157 1
377 158 1
377 161 4
377 163 1
377 168 4
377 172 5
377 173 4
377 174 5
377 176 4
377 177 1
377 178 1
377 179 1
377 183 4
377 186 3
377 187 1
377 188 1
377 191 4
377 192 1
377 193 1
377 194 4
377 195 4
377 196 4
377 199 1
377 200 3
377 202 3
377 203 3
377 204 4
377 205 1
377 208 2
377 210 4
377 211 3
377 216 4
377 219 1
377 227 3
377 230 3
377 233 1
377 238 4
377 239 1
377 251 1
377 257 1
377 270 1
377 284 1
377 285 1
377 294 3
377 300 3
377 306 1
377 310 1
377 331 1
377 339 2
377 357 4
377 372 1
377 381 1
377 383 1
377 385 3
377 391 1
377 393 3
377 395 2
377 398 1
377 402 2
377 405 3
377 414 2
377 417 2
377 419 1
377 427 4
377 428 1
377 434 1
377 436 2
377 443 3
377 447 2
377 448 1
377 451 2
377 452 3
377 461 2
377 480 2
377 502 1
377 511 2
377 514 1
377 516 1
377 517 1
377 520 2
377 522 1
377 523 3
377 527 3
377 528 2
377 529 1
377 530 1
377 554 1
377 559 1
377 563 1
377 566 1
377 568 4
377 575 1
377 576 1
377 603 2
377 616 1
377 622 2
377 631 1
377 636 1
377 637 2
377 644 2
377 649 3
377 651 1
377 654 1
377 655 3
377 659 2
377 674 1
377 684 1
377 686 1
377 701 4
377 704 2
377 705 3
377 710 1
377 712 1
377 729 1
377 732 1
377 735 1
377 746 1
377 842 1
377 855 1
378 7 3
378 64 3
378 180 2
378 306 4
378 529 3
378 549 3
378 570 3
378 582 4
378 629 2
378 652 3
378 1 4
378 9 4
378 12 5
378 22 4
378 28 4
378 31 2
378 38 1
378 58 1
378 59 1
378 60 1
378 61 1
378 62 1
378 69 4
378 71 3
378 81 2
378 95 2
378 98 4
378 100 4
378 109 1
378 114 4
378 118 3
378 121 4
378 132 3
378 134 1
378 135 4
378 139 2
378 152 2
378 154 1
378 161 3
378 163 1
378 168 4
378 170 1
378 172 4
378 176 4
378 177 1
378 181 4
378 182 3
378 183 4
378 185 4
378 186 2
378 190 1
378 194 4
378 197 3
378 204 4
378 208 1
378 213 1
378 215 3
378 217 2
378 222 4
378 228 4
378 229 2
378 238 3
378 241 1
378 258 4
378 265 4
378 270 1
378 286 4
378 300 4
378 313 4
378 315 1
378 340 1
378 356 1
378 357 4
378 382 1
378 414 2
378 416 1
378 419 1
378 423 4
378 425 2
378 427 1
378 428 1
378 433 3
378 435 1
378 443 2
378 449 1
378 462 1
378 463 1
378 465 2
378 474 3
378 479 1
378 483 3
378 496 3
378 502 1
378 506 1
378 512 1
378 515 1
378 518 1
378 521 1
378 527 1
378 530 1
378 554 2
378 561 2
378 566 2
378 573 1
378 587 1
378 614 1
378 630 1
378 631 1
378 651 1
378 654 1
378 663 1
378 664 1
378 665 1
378 670 2
378 684 1
378 699 1
378 708 1
378 709 2
378 712 1
378 729 2
378 732 2
378 736 1
378 744 1
378 750 2
378 751 1
378 753 4
378 770 1
378 856 1
378 923 4
378 956 2
378 959 3
379 79 3
379 95 4
379 121 2
379 176 4
379 459 4
379 517 4
379 525 5
379 855 3
379 931 4
379 961 3
379 1 4
379 13 2
379 14 1
379 15 4
379 16 1
379 20 1
379 30 1
379 49 1
379 50 4
379 59 1
379 77 1
379 83 1
379 89 4
379 94 1
379 97 3
379 99 1
379 100 5
379 102 1
379 129 1
379 132 3
379 133 1
379 134 1
379 135 3
379 139 1
379 150 1
379 151 4
379 175 3
379 178 1
379 191 4
379 212 1
379 214 1
379 216 4
379 217 1
379 228 4
379 259 1
379 276 2
379 281 2
379 283 1
379 294 3
379 303 1
379 304 1
379 318 4
379 344 3
379 378 1
379 403 2
379 418 1
379 432 1
379 443 2
379 462 1
379 473 1
379 479 1
379 485 1
379 487 1
379 493 1
379 495 1
379 498 1
379 501 1
379 509 1
379 512 1
379 514 1
379 526 1
379 529 1
379 566 1
379 582 1
379 607 1
379 631 1
379 634 1
379 640 1
379 647 1
379 652 1
379 656 1
379 657 1
379 660 1
379 673 1
379 682 1
379 693 1
379 694 1
379 705 1
379 724 1
379 742 3
379 771 3
379 778 1
379 847 1
379 887 1
379 898 1
379 914 1
379 934 1
379 995 1
380 14 3
380 23 5
380 50 1
380 98 3
380 150 2
380 177 4
380 481 5
380 508 3
380 531 4
380 639 3
380 7 4
380 9 4
380 25 4
380 56 4
380 100 4
380 122 1
380 127 4
380 134 2
380 135 4
380 137 1
380 171 1
380 180 1
380 183 4
380 197 4
380 258 4
380 276 4
380 290 1
380 332 1
380 334 1
380 357 4
380 474 4
380 475 4
380 482 1
380 504 1
380 507 1
380 511 1
380 546 3
380 717 1
381 135 5
381 180 5
381 321 5
381 340 5
381 345 2
381 496 5
381 514 5
381 517 5
381 531 3
381 603 5
381 9 3
381 14 1
381 19 1
381 58 1
381 81 1
381 86 1
381 89 1
381 100 4
381 132 2
381 134 1
381 137 1
381 182 1
381 193 1
381 197 3
381 203 1
381 205 1
381 223 1
381 237 4
381 238 1
381 268 1
381 272 1
381 285 1
381 302 1
381 313 2
381 315 1
381 319 1
381 357 3
381 425 1
381 427 2
381 435 1
381 464 1
381 474 1
381 475 1
381 478 1
381 479 1
381 480 1
381 483 1
381 484 1
381 504 1
381 505 1
381 513 1
381 639 1
381 641 1
381 654 1
381 657 1
381 663 1
382 271 4
382 272 5
382 300 4
382 328 4
382 347 4
382 355 4
382 689 4
382 751 4
382 878 4
382 989 4
382 289 2
382 302 1
382 313 4
382 316 1
382 327 1
382 329 1
382 333 1
382 343 1
382 748 2
383 42 1
383 135 3
383 482 3
383 498 3
383 500 4
383 507 3
383 520 3
383 526 3
383 663 4
383 767 1
383 4 3
383 8 4
383 12 5
383 18 2
383 24 1
383 29 1
383 32 1
383 37 1
383 46 1
383 47 3
383 48 2
383 50 4
383 53 2
383 56 4
383 58 3
383 59 3
383 61 1
383 79 4
383 81 2
383 82 4
383 87 1
383 89 4
383 93 3
383 98 4
383 99 1
383 111 3
383 114 1
383 122 1
383 127 4
383 128 1
383 129 1
383 131 1
383 133 1
383 134 2
383 136 1
383 143 4
383 144 1
383 145 1
383 151 4
383 152 3
383 153 4
383 156 1
383 160 2
383 168 4
383 169 1
383 171 1
383 172 4
383 173 4
383 174 4
383 175 4
383 177 2
383 180 3
383 181 4
383 183 4
383 185 4
383 186 4
383 187 1
383 189 1
383 191 4
383 192 2
383 194 4
383 195 4
383 199 1
383 200 2
383 207 1
383 208 3
383 209 4
383 211 4
383 216 4
383 217 1
383 218 1
383 219 1
383 221 2
383 224 1
383 235 2
383 236 1
383 238 4
383 249 1
383 250 1
383 253 1
383 254 1
383 256 2
383 257 1
383 262 1
383 273 2
383 276 3
383 283 1
383 285 4
383 286 4
383 290 1
383 293 1
383 304 1
383 305 1
383 318 4
383 320 1
383 325 1
383 337 1
383 340 1
383 346 3
383 347 2
383 367 1
383 383 1
383 384 1
383 385 3
383 403 3
383 405 3
383 408 1
383 417 2
383 419 1
383 423 4
383 425 1
383 427 4
383 428 3
383 429 1
383 430 1
383 433 3
383 435 4
383 443 2
383 444 1
383 447 1
383 451 1
383 455 1
383 458 1
383 461 2
383 462 1
383 473 2
383 474 4
383 479 1
383 480 1
383 483 3
383 484 1
383 485 2
383 486 1
383 487 1
383 489 4
383 492 4
383 496 3
383 502 3
383 503 3
383 506 1
383 508 3
383 511 1
383 512 1
383 521 2
383 523 3
383 524 4
383 525 1
383 529 3
383 557 4
383 603 1
383 604 1
383 606 4
383 616 1
383 629 2
383 631 3
383 650 2
383 652 1
383 653 4
383 654 2
383 657 2
383 658 1
383 659 1
383 661 3
383 664 3
383 673 1
383 674 1
383 675 1
383 705 1
383 719 1
383 727 2
383 732 2
383 739 2
383 745 1
383 794 3
383 811 1
383 851 5
383 855 2
383 865 5
383 871 2
383 896 3
383 900 4
383 919 4
383 922 1
383 940 2
383 942 3
383 945 4
383 959 2
383 961 1
383 965 4
384 7 3
384 50 4
384 117 5
384 121 3
384 127 5
384 222 4
384 685 4
384 833 3
384 840 5
384 982 3
384 24 3
384 273 4
384 281 3
384 323 3
384 405 3
384 455 2
384 515 3
384 546 3
384 597 3
384 825 3
385 152 1
385 182 5
385 210 4
385 233 3
385 241 1
385 515 5
385 663 4
385 715 5
385 856 5
385 942 4
385 2 2
385 4 1
385 7 4
385 8 3
385 10 1
385 11 3
385 13 2
385 20 1
385 22 4
385 23 2
385 24 1
385 27 1
385 31 1
385 32 1
385 33 1
385 39 2
385 46 2
385 47 1
385 48 1
385 50 4
385 52 2
385 55 1
385 56 4
385 58 2
385 61 1
385 62 1
385 64 5
385 68 1
385 69 4
385 71 4
385 76 1
385 79 4
385 81 1
385 82 4
385 83 1
385 89 4
385 91 1
385 92 2
385 93 1
385 96 4
385 97 4
385 98 4
385 99 1
385 101 1
385 102 1
385 107 1
385 113 2
385 114 1
385 116 1
385 117 4
385 121 3
385 123 2
385 127 4
385 129 1
385 133 1
385 135 4
385 136 1
385 144 2
385 147 2
385 151 2
385 156 1
385 161 4
385 168 4
385 169 1
385 176 4
385 180 2
385 181 4
385 183 4
385 184 1
385 186 3
385 187 2
385 189 1
385 190 2
385 192 1
385 193 2
385 194 3
385 195 4
385 196 4
385 197 2
385 198 1
385 199 1
385 200 1
385 201 1
385 202 4
385 203 2
385 205 1
385 206 1
385 208 1
385 209 4
385 211 3
385 215 3
385 217 2
385 218 2
385 219 1
385 222 4
385 223 2
385 224 2
385 226 1
385 227 2
385 228 4
385 229 3
385 230 3
385 231 1
385 238 4
385 246 1
385 248 1
385 250 1
385 258 4
385 265 4
385 268 1
385 273 2
385 277 3
385 288 3
385 289 2
385 293 1
385 294 3
385 295 3
385 298 2
385 317 1
385 318 4
385 319 1
385 320 2
385 321 1
385 325 1
385 333 1
385 357 4
385 380 2
385 381 1
385 385 4
385 393 3
385 403 3
385 410 1
385 414 1
385 418 1
385 423 4
385 428 1
385 429 1
385 430 1
385 431 1
385 432 1
385 434 3
385 435 4
385 436 1
385 441 1
385 444 1
385 446 1
385 447 1
385 448 1
385 455 2
385 458 1
385 461 2
385 463 2
385 470 1
385 473 2
385 474 1
385 475 2
385 477 2
385 488 2
385 496 2
385 501 1
385 508 3
385 511 4
385 514 1
385 520 1
385 526 2
385 528 1
385 532 4
385 547 1
385 549 2
385 558 1
385 559 1
385 561 1
385 564 1
385 566 2
385 569 3
385 578 1
385 580 2
385 582 2
385 583 2
385 593 2
385 603 2
385 619 1
385 625 2
385 642 2
385 650 1
385 651 3
385 659 1
385 672 2
385 674 3
385 678 1
385 679 1
385 684 4
385 692 4
385 693 3
385 697 3
385 732 1
385 735 1
385 737 3
385 742 3
385 744 3
385 746 1
385 768 2
385 769 1
385 772 1
385 773 1
385 774 4
385 789 3
385 790 1
385 806 2
385 844 3
385 845 2
385 854 1
385 919 4
385 943 1
385 952 1
385 969 1
385 972 2
385 984 1
386 9 3
386 117 5
386 258 5
386 266 5
386 288 5
386 298 5
386 559 5
386 591 4
386 773 3
386 895 4
386 1 4
386 5 1
386 56 4
386 100 4
386 111 3
386 147 3
386 184 2
386 237 4
386 259 2
386 300 4
386 301 3
386 302 4
386 307 1
386 310 1
386 313 4
386 315 2
386 323 3
386 326 1
386 333 3
386 508 3
386 569 1
386 596 2
386 628 1
386 678 2
386 680 1
386 682 1
386 690 1
386 742 3
386 769 1
386 816 1
386 845 2
386 871 1
387 58 4
387 66 3
387 69 5
387 346 4
387 502 4
387 615 4
387 671 5
387 763 1
387 778 4
387 780 3
387 4 1
387 8 3
387 23 1
387 25 3
387 28 3
387 29 1
387 38 1
387 40 1
387 42 1
387 47 1
387 50 4
387 53 1
387 56 4
387 59 1
387 64 5
387 65 1
387 71 3
387 72 1
387 77 1
387 79 4
387 80 1
387 81 1
387 82 4
387 88 1
387 90 1
387 94 1
387 95 1
387 98 4
387 99 1
387 100 4
387 105 1
387 109 1
387 111 1
387 118 2
387 124 1
387 127 3
387 131 1
387 132 1
387 136 1
387 142 1
387 151 2
387 152 1
387 153 3
387 154 1
387 159 1
387 160 1
387 167 1
387 168 3
387 172 4
387 173 4
387 174 4
387 176 4
387 178 1
387 179 1
387 181 4
387 185 2
387 186 2
387 191 4
387 194 1
387 197 1
387 202 3
387 204 4
387 205 1
387 208 1
387 210 4
387 211 1
387 216 4
387 217 1
387 234 4
387 238 3
387 249 1
387 275 1
387 283 1
387 285 1
387 300 3
387 301 1
387 378 1
387 383 1
387 384 1
387 393 2
387 395 1
387 396 1
387 401 1
387 402 3
387 404 1
387 407 1
387 410 2
387 411 1
387 414 1
387 416 1
387 420 1
387 423 4
387 427 1
387 428 1
387 429 1
387 435 1
387 451 1
387 454 1
387 467 1
387 471 1
387 474 1
387 475 1
387 477 1
387 478 1
387 479 1
387 480 1
387 481 1
387 483 1
387 484 1
387 490 1
387 491 3
387 492 1
387 493 1
387 496 1
387 497 1
387 498 1
387 499 1
387 501 1
387 503 1
387 504 1
387 506 1
387 507 1
387 509 1
387 510 1
387 514 1
387 517 1
387 518 1
387 519 1
387 520 1
387 525 1
387 526 1
387 527 1
387 531 1
387 550 1
387 558 1
387 568 3
387 583 1
387 584 3
387 588 2
387 591 1
387 602 1
387 604 3
387 605 1
387 607 1
387 610 1
387 612 4
387 613 1
387 616 2
387 630 1
387 631 1
387 642 1
387 649 1
387 656 1
387 657 1
387 661 1
387 662 1
387 674 2
387 693 1
387 699 1
387 700 1
387 705 1
387 712 1
387 715 1
387 731 1
387 732 1
387 736 1
387 739 1
387 756 1
387 785 1
387 792 1
387 820 1
387 824 1
387 835 1
387 836 1
387 845 1
387 847 1
387 923 1
387 926 1
387 942 1
387 945 1
387 954 1
387 955 1
387 965 1
387 997 1
388 1 5
388 13 2
388 124 4
388 181 4
388 258 5
388 275 5
388 277 2
388 286 4
388 304 5
388 740 4
388 9 4
388 100 4
388 126 1
388 283 2
388 289 3
388 302 4
388 319 3
388 328 3
388 329 1
388 331 1
388 515 1
388 713 1
388 742 4
388 845 3
388 989 2
388 990 3
389 11 3
389 22 4
389 31 2
389 127 5
389 174 5
389 180 5
389 238 5
389 507 4
389 511 5
389 646 4
389 8 4
389 9 4
389 12 5
389 15 4
389 26 2
389 47 1
389 48 2
389 56 4
389 58 2
389 59 2
389 60 2
389 61 3
389 64 5
389 69 4
389 71 4
389 76 3
389 89 4
389 97 4
389 100 4
389 132 4
389 134 3
389 148 3
389 168 4
389 173 4
389 182 4
389 188 3
389 191 4
389 195 4
389 197 4
389 200 3
389 203 3
389 204 4
389 205 3
389 213 2
389 215 4
389 222 4
389 234 4
389 237 4
389 258 4
389 264 2
389 276 4
389 282 4
389 286 4
389 288 3
389 294 3
389 300 4
389 318 5
389 328 3
389 334 2
389 357 4
389 421 4
389 458 2
389 460 2
389 462 2
389 471 3
389 474 4
389 479 3
389 480 3
389 482 2
389 483 5
389 490 1
389 491 1
389 497 2
389 498 2
389 504 3
389 508 3
389 510 2
389 527 4
389 530 2
389 544 1
389 546 3
389 603 3
389 604 1
389 628 2
389 659 2
389 661 2
389 678 1
389 748 3
389 772 2
389 774 3
389 924 1
389 963 4
390 114 4
390 127 5
390 260 1
390 285 3
390 310 4
390 321 5
390 328 3
390 340 5
390 346 4
390 347 4
390 8 1
390 23 1
390 50 4
390 58 1
390 59 1
390 98 4
390 99 1
390 129 2
390 134 1
390 165 2
390 166 1
390 169 1
390 170 1
390 172 2
390 173 3
390 178 1
390 179 1
390 180 1
390 181 4
390 189 1
390 191 3
390 197 1
390 199 1
390 200 1
390 209 1
390 244 1
390 246 1
390 248 1
390 249 1
390 250 1
390 255 1
390 257 1
390 258 4
390 268 3
390 270 1
390 271 1
390 272 1
390 276 4
390 286 4
390 288 3
390 289 2
390 293 1
390 294 3
390 297 1
390 298 1
390 300 3
390 302 3
390 303 1
390 304 1
390 312 1
390 313 4
390 319 1
390 323 2
390 324 1
390 325 1
390 333 3
390 344 2
390 345 1
390 463 1
390 482 1
390 488 1
390 491 1
390 492 1
390 493 1
390 511 1
390 515 2
390 534 1
390 538 1
390 615 1
390 632 1
390 650 1
390 663 1
390 705 1
390 813 1
390 847 1
390 872 1
390 873 1
390 880 1
391 73 4
391 84 3
391 223 4
391 237 4
391 405 4
391 423 3
391 479 4
391 500 4
391 727 3
391 761 4
391 2 1
391 3 1
391 4 1
391 5 1
391 7 4
391 11 4
391 12 4
391 15 4
391 17 2
391 21 1
391 22 5
391 24 3
391 25 4
391 26 1
391 27 1
391 28 4
391 29 2
391 31 1
391 36 1
391 38 1
391 40 1
391 41 1
391 42 1
391 48 2
391 49 3
391 50 5
391 51 1
391 54 2
391 55 1
391 56 4
391 58 1
391 62 2
391 64 4
391 65 1
391 67 2
391 68 1
391 69 4
391 70 4
391 71 4
391 72 2
391 78 2
391 79 4
391 81 2
391 83 2
391 85 1
391 86 1
391 87 1
391 88 3
391 89 4
391 90 2
391 94 2
391 95 3
391 99 3
391 100 4
391 105 2
391 108 1
391 109 2
391 110 3
391 111 3
391 117 4
391 118 3
391 122 2
391 123 1
391 126 1
391 128 1
391 132 4
391 135 4
391 136 2
391 138 1
391 139 1
391 142 1
391 144 3
391 147 3
391 148 1
391 153 4
391 154 2
391 161 4
391 168 4
391 169 1
391 172 5
391 173 4
391 181 4
391 184 1
391 186 3
391 189 3
391 191 4
391 194 4
391 196 4
391 202 3
391 203 3
391 204 4
391 206 3
391 215 4
391 222 4
391 227 2
391 228 3
391 233 1
391 239 2
391 240 1
391 241 2
391 243 1
391 245 3
391 252 1
391 255 2
391 257 4
391 258 4
391 265 4
391 270 1
391 271 2
391 273 4
391 274 4
391 275 4
391 278 2
391 280 2
391 281 1
391 283 3
391 290 1
391 291 1
391 294 3
391 298 3
391 303 1
391 313 4
391 316 3
391 317 2
391 318 4
391 321 1
391 323 1
391 328 3
391 333 1
391 338 1
391 342 1
391 344 4
391 347 1
391 349 2
391 354 3
391 355 2
391 356 1
391 357 4
391 362 3
391 363 2
391 364 2
391 365 2
391 366 2
391 369 2
391 373 3
391 374 4
391 376 2
391 377 1
391 378 1
391 380 3
391 385 3
391 386 2
391 391 2
391 393 4
391 394 2
391 396 3
391 402 4
391 403 3
391 404 3
391 409 2
391 410 2
391 412 2
391 415 1
391 417 2
391 418 3
391 419 1
391 420 2
391 421 1
391 431 1
391 443 1
391 456 1
391 459 1
391 463 1
391 465 3
391 470 1
391 471 3
391 472 2
391 473 1
391 476 2
391 477 1
391 480 3
391 494 3
391 496 3
391 497 1
391 501 3
391 527 4
391 538 2
391 539 1
391 540 1
391 544 2
391 546 3
391 550 1
391 552 1
391 553 1
391 554 1
391 559 1
391 561 1
391 566 1
391 568 4
391 569 1
391 571 2
391 576 1
391 578 1
391 588 4
391 591 2
391 596 3
391 597 3
391 620 1
391 622 1
391 623 3
391 628 1
391 630 3
391 633 2
391 636 1
391 644 3
391 651 1
391 655 3
391 659 2
391 672 3
391 681 3
391 683 1
391 685 2
391 686 4
391 687 1
391 690 1
391 692 3
391 696 2
391 705 3
391 710 3
391 715 3
391 717 1
391 721 2
391 722 2
391 725 2
391 728 1
391 731 3
391 737 2
391 739 3
391 742 4
391 747 2
391 751 1
391 755 2
391 756 2
391 763 1
391 771 1
391 775 2
391 778 3
391 779 1
391 780 2
391 781 2
391 783 2
391 789 2
391 792 1
391 794 4
391 797 3
391 802 1
391 805 4
391 808 1
391 810 1
391 812 1
391 815 1
391 821 2
391 824 1
391 825 1
391 826 2
391 831 1
391 836 2
391 840 1
391 841 1
391 842 3
391 843 1
391 845 2
391 870 2
391 871 2
391 876 1
391 879 1
391 890 1
391 905 2
391 922 1
391 924 3
391 926 1
391 929 2
391 930 1
391 932 1
391 939 1
391 940 2
391 944 1
391 949 3
391 951 1
391 953 1
391 964 3
391 977 1
391 996 1
391 997 1
391 999 4
391 1000 1
392 39 4
392 63 4
392 222 4
392 282 3
392 391 4
392 419 5
392 540 4
392 554 4
392 578 2
392 979 5
392 1 4
392 4 1
392 7 3
392 22 1
392 28 1
392 31 1
392 38 1
392 42 1
392 50 4
392 56 3
392 67 1
392 68 1
392 72 1
392 73 1
392 79 2
392 84 1
392 88 1
392 96 2
392 97 1
392 98 3
392 101 1
392 109 1
392 117 4
392 121 4
392 128 1
392 132 1
392 144 1
392 154 1
392 156 1
392 158 1
392 161 1
392 164 1
392 172 1
392 174 4
392 179 1
392 181 2
392 184 1
392 186 1
392 195 2
392 208 1
392 210 1
392 216 2
392 217 1
392 218 1
392 226 1
392 227 1
392 228 2
392 229 1
392 230 1
392 232 1
392 233 1
392 238 1
392 250 1
392 257 1
392 265 1
392 288 2
392 313 1
392 364 1
392 383 1
392 385 1
392 386 1
392 402 1
392 411 1
392 416 1
392 423 1
392 433 1
392 449 1
392 450 1
392 455 1
392 496 1
392 508 1
392 541 1
392 550 1
392 552 1
392 559 1
392 561 1
392 568 1
392 576 1
392 597 2
392 655 1
392 658 1
392 665 1
392 679 1
392 739 1
392 746 1
392 763 1
392 771 1
392 773 1
392 780 1
392 797 1
392 802 1
393 172 5
393 181 5
393 196 4
393 210 5
393 215 5
393 273 2
393 338 4
393 343 5
393 365 5
393 632 5
393 1 4
393 15 4
393 50 5
393 64 5
393 89 4
393 97 3
393 98 4
393 100 4
393 121 3
393 151 4
393 154 1
393 174 5
393 186 3
393 216 4
393 231 1
393 237 4
393 240 1
393 252 2
393 255 2
393 257 3
393 313 4
393 315 1
393 328 2
393 342 1
393 378 1
393 423 4
393 458 3
393 472 1
393 596 1
393 739 1
393 892 1
393 924 2
394 222 5
394 291 4
394 328 4
394 329 2
394 405 3
394 455 2
394 546 4
394 595 3
394 619 3
394 930 3
394 1 3
394 9 1
394 25 2
394 100 4
394 106 1
394 117 4
394 121 4
394 125 2
394 148 1
394 237 3
394 245 2
394 260 1
394 274 1
394 282 1
394 288 3
394 300 4
394 322 2
394 333 1
394 471 1
394 591 1
394 597 1
394 678 2
394 717 1
394 742 1
394 751 2
394 829 1
394 840 1
394 841 1
394 871 1
394 977 1
394 986 1
395 8 4
395 109 4
395 156 5
395 181 4
395 223 4
395 327 2
395 346 4
395 479 4
395 688 1
395 896 4
395 7 3
395 22 4
395 23 1
395 50 5
395 56 4
395 95 1
395 100 4
395 108 2
395 117 3
395 127 4
395 134 1
395 135 4
395 171 1
395 172 5
395 174 4
395 177 1
395 178 1
395 183 4
395 192 1
395 194 2
395 195 4
395 197 1
395 199 1
395 210 4
395 221 1
395 261 1
395 268 4
395 273 2
395 286 3
395 288 3
395 302 4
395 313 4
395 318 4
395 322 2
395 324 1
395 325 1
395 332 1
395 334 2
395 338 1
395 340 1
395 345 2
395 390 5
395 423 4
395 435 3
395 457 1
395 475 3
395 483 2
395 498 1
395 504 1
395 513 1
395 588 1
395 611 1
395 615 1
395 641 1
395 657 1
395 680 1
395 705 1
395 748 3
395 751 1
395 853 1
395 855 1
395 878 1
395 894 1
395 988 1
395 989 1
395 991 1
396 58 4
396 88 4
396 162 5
396 173 4
396 205 5
396 227 2
396 495 4
396 604 5
396 648 5
396 692 4
396 2 1
396 4 1
396 12 3
396 13 1
396 15 3
396 25 3
396 28 3
396 31 1
396 47 1
396 49 1
396 50 4
396 56 4
396 63 1
396 64 5
396 65 1
396 66 2
396 69 4
396 70 4
396 72 1
396 73 1
396 82 3
396 85 1
396 87 1
396 94 1
396 95 1
396 117 3
396 124 1
396 125 1
396 126 2
396 127 3
396 132 2
396 134 1
396 144 1
396 152 1
396 154 1
396 158 1
396 159 1
396 163 1
396 167 1
396 168 3
396 172 4
396 174 4
396 176 4
396 178 1
396 181 4
396 182 1
396 183 1
396 186 1
396 191 3
396 194 2
396 196 3
396 197 1
396 199 1
396 202 3
396 203 1
396 204 4
396 211 2
396 216 4
396 228 1
396 229 1
396 230 1
396 234 2
396 235 1
396 239 1
396 274 1
396 276 1
396 284 1
396 357 2
396 385 1
396 393 2
396 399 1
396 403 1
396 414 1
396 417 1
396 423 4
396 429 1
396 430 1
396 432 1
396 435 1
396 474 1
396 476 1
396 479 1
396 480 1
396 481 1
396 485 1
396 491 1
396 493 1
396 494 1
396 496 1
396 497 1
396 498 1
396 501 1
396 502 1
396 504 1
396 510 1
396 514 1
396 519 1
396 520 1
396 521 1
396 523 1
396 525 1
396 588 1
396 589 1
396 591 1
396 602 1
396 654 1
396 659 1
396 661 1
396 663 1
396 700 2
396 710 1
396 715 1
396 732 2
396 735 1
396 737 1
396 756 1
396 796 1
396 953 3
396 969 1
396 991 2
396 993 1
397 31 3
397 154 3
397 173 3
397 226 3
397 393 4
397 542 3
397 551 1
397 587 3
397 673 3
397 769 3
397 2 1
397 5 1
397 8 4
397 9 4
397 12 4
397 15 3
397 22 4
397 26 1
397 33 1
397 38 1
397 41 1
397 42 1
397 43 1
397 48 1
397 50 5
397 53 1
397 55 1
397 56 4
397 57 3
397 58 1
397 62 1
397 63 1
397 64 5
397 66 1
397 67 1
397 68 1
397 69 4
397 71 4
397 72 2
397 73 1
397 77 1
397 79 4
397 80 3
397 84 1
397 91 1
397 93 1
397 94 1
397 95 2
397 97 3
397 98 4
397 99 1
397 102 2
397 110 2
397 114 1
397 117 4
397 118 2
397 121 3
397 127 4
397 128 2
397 132 4
397 140 1
397 143 3
397 144 4
397 147 1
397 148 1
397 153 4
397 155 2
397 156 2
397 157 1
397 161 4
397 164 1
397 168 4
397 172 4
397 174 4
397 175 4
397 179 3
397 180 2
397 181 4
397 186 3
397 187 2
397 188 1
397 195 4
397 196 4
397 203 3
397 204 4
397 210 4
397 214 1
397 215 2
397 219 1
397 223 1
397 227 1
397 228 3
397 229 2
397 230 3
397 231 1
397 233 1
397 234 4
397 237 4
397 238 4
397 239 2
397 241 2
397 264 1
397 265 4
397 268 3
397 273 2
397 274 2
397 276 1
397 282 1
397 284 3
397 288 3
397 289 1
397 291 1
397 295 1
397 301 1
397 307 1
397 318 4
397 323 1
397 332 1
397 338 3
397 340 1
397 364 2
397 372 1
397 378 1
397 380 1
397 382 1
397 383 1
397 384 1
397 385 3
397 386 1
397 388 1
397 389 1
397 395 1
397 399 2
397 400 1
397 401 1
397 402 2
397 403 3
397 405 3
397 407 1
397 412 2
397 413 1
397 418 1
397 420 1
397 423 4
397 431 2
397 432 1
397 436 1
397 444 1
397 450 1
397 451 1
397 452 1
397 454 2
397 455 2
397 459 2
397 470 1
397 471 3
397 475 2
397 486 1
397 496 2
397 501 1
397 506 1
397 508 2
397 527 2
397 531 1
397 543 1
397 544 1
397 546 3
397 549 1
397 550 1
397 554 1
397 559 1
397 564 1
397 566 1
397 568 4
397 575 1
397 576 2
397 578 1
397 582 1
397 588 2
397 591 1
397 597 2
397 616 1
397 622 1
397 628 1
397 633 1
397 651 2
397 655 3
397 660 1
397 679 1
397 684 3
397 693 4
397 697 4
397 710 3
397 720 1
397 722 3
397 727 1
397 732 1
397 735 1
397 738 2
397 742 3
397 744 3
397 746 1
397 747 1
397 754 2
397 755 1
397 760 1
397 763 3
397 768 2
397 772 1
397 774 1
397 779 1
397 781 1
397 806 1
397 809 1
397 813 1
397 817 1
397 824 2
397 825 2
397 826 1
397 845 1
397 924 2
397 926 2
397 928 1
397 941 3
397 946 1
397 959 2
397 969 1
397 975 1
397 977 2
397 986 1
398 269 4
398 286 4
398 300 4
398 301 4
398 306 3
398 328 3
398 332 2
398 690 3
398 749 4
398 895 4
398 258 3
398 259 2
398 288 3
398 294 3
398 304 1
398 307 2
398 321 3
398 323 2
398 689 1
399 25 4
399 69 3
399 137 3
399 284 3
399 342 1
399 356 4
399 473 1
399 477 1
399 483 4
399 588 2
399 1 4
399 9 4
399 11 1
399 13 3
399 14 3
399 26 1
399 44 1
399 50 4
399 64 4
399 65 1
399 70 3
399 71 2
399 83 1
399 97 1
399 100 4
399 111 3
399 117 4
399 121 3
399 127 4
399 133 1
399 135 2
399 143 1
399 144 1
399 147 2
399 151 3
399 153 2
399 154 1
399 157 1
399 161 3
399 162 1
399 168 3
399 172 3
399 173 3
399 174 4
399 181 4
399 194 3
399 196 3
399 197 2
399 198 1
399 199 1
399 202 3
399 204 3
399 210 4
399 225 1
399 235 2
399 237 4
399 248 1
399 257 2
399 272 1
399 273 1
399 275 4
399 276 3
399 280 1
399 282 2
399 294 3
399 302 1
399 312 1
399 315 1
399 316 1
399 318 4
399 321 1
399 322 1
399 328 2
399 357 4
399 365 2
399 371 1
399 385 1
399 404 1
399 430 1
399 435 3
399 451 1
399 462 1
399 471 2
399 478 1
399 481 1
399 484 1
399 485 1
399 486 1
399 493 1
399 499 1
399 501 1
399 507 1
399 508 3
399 509 1
399 511 1
399 515 1
399 519 1
399 520 1
399 527 1
399 528 1
399 535 2
399 553 1
399 566 1
399 582 1
399 603 1
399 604 1
399 609 1
399 630 1
399 632 2
399 638 1
399 651 1
399 654 1
399 655 2
399 659 1
399 661 1
399 684 1
399 707 1
399 724 1
399 735 1
399 748 1
399 762 1
399 815 1
399 866 1
399 892 1
400 7 4
400 12 4
400 32 3
400 235 3
400 257 4
400 258 4
400 479 5
400 510 5
400 515 5
400 864 3
400 1 4
400 9 4
400 10 1
400 13 4
400 16 4
400 19 1
400 25 4
400 42 1
400 48 1
400 50 4
400 96 4
400 111 3
400 116 1
400 117 4
400 124 4
400 126 1
400 127 4
400 135 4
400 151 4
400 182 4
400 204 4
400 222 4
400 234 4
400 237 3
400 245 3
400 255 1
400 273 4
400 276 4
400 286 3
400 455 1
400 471 3
400 475 4
400 476 2
400 480 3
400 483 3
400 511 2
400 529 2
400 591 1
400 628 1
400 696 2
400 764 1
