201 237 4
201 268 5
201 306 5
201 331 5
201 934 5
201 1 3
201 111 3
201 283 1
201 291 1
201 305 1
201 361 1
201 475 2
201 740 3
202 292 5
202 330 5
202 358 1
202 872 4
202 877 3
202 259 1
202 288 1
202 294 1
202 682 1
202 876 1
202 880 1
202 887 2
202 895 1
202 948 1
203 100 5
203 106 2
203 117 4
203 288 4
203 685 4
203 7 4
203 9 4
203 111 3
203 118 3
203 121 3
203 123 3
203 127 4
203 129 1
203 148 1
203 181 4
203 222 4
203 235 3
203 240 2
203 258 4
203 274 3
203 276 4
203 284 3
203 291 2
203 370 2
203 410 3
203 471 3
203 472 3
203 477 2
203 515 2
203 546 3
203 597 3
203 748 3
203 845 3
203 864 2
203 866 3
203 925 3
203 928 2
204 331 3
204 678 4
204 683 4
204 687 3
204 739 4
204 22 1
204 66 1
204 243 1
204 245 1
204 258 1
204 259 1
204 269 1
204 270 1
204 289 1
204 294 2
204 300 1
204 302 1
204 307 1
204 310 1
204 313 1
204 323 1
204 327 1
204 328 1
204 332 1
204 333 1
204 342 1
204 343 1
204 348 1
204 689 1
204 690 1
204 748 1
204 754 1
204 879 1
204 892 1
204 901 1
205 40 2
205 191 4
205 238 5
205 603 3
205 693 2
205 2 2
205 5 1
205 8 4
205 11 3
205 12 5
205 22 4
205 23 2
205 28 4
205 29 2
205 30 2
205 31 3
205 32 3
205 33 2
205 37 1
205 38 1
205 39 2
205 41 3
205 42 3
205 43 3
205 45 3
205 47 2
205 48 1
205 49 3
205 50 4
205 51 3
205 52 3
205 53 1
205 55 2
205 56 4
205 57 1
205 58 2
205 60 2
205 61 3
205 62 2
205 63 1
205 64 5
205 66 2
205 67 1
205 68 2
205 70 4
205 71 4
205 72 2
205 73 1
205 75 4
205 76 1
205 77 2
205 78 1
205 80 2
205 81 3
205 82 3
205 83 2
205 85 4
205 87 1
205 88 1
205 90 2
205 91 3
205 92 3
205 94 2
205 96 4
205 97 4
205 98 4
205 101 2
205 102 3
205 127 4
205 132 4
205 135 4
205 139 2
205 141 4
205 142 2
205 143 4
205 149 3
205 161 3
205 168 4
205 169 1
205 171 3
205 172 4
205 173 5
205 175 4
205 178 2
205 179 2
205 180 2
205 183 4
205 184 1
205 185 4
205 186 4
205 188 3
205 189 3
205 190 2
205 192 2
205 193 2
205 195 4
205 197 4
205 198 3
205 199 2
205 200 2
205 201 2
205 202 3
205 204 4
205 206 1
205 207 5
205 208 2
205 210 4
205 211 4
205 212 2
205 214 1
205 215 3
205 216 4
205 217 1
205 218 2
205 219 3
205 226 3
205 227 1
205 228 4
205 229 2
205 230 3
205 231 1
205 232 1
205 233 1
205 234 4
205 239 1
205 265 4
205 288 1
205 302 3
205 308 3
205 317 2
205 318 4
205 347 2
205 350 1
205 351 3
205 356 2
205 361 1
205 364 2
205 365 1
205 366 3
205 367 2
205 371 2
205 374 3
205 376 3
205 377 1
205 379 3
205 383 1
205 384 1
205 386 2
205 387 3
205 388 1
205 391 2
205 393 2
205 395 1
205 396 1
205 397 2
205 399 2
205 400 1
205 402 3
205 403 3
205 404 3
205 414 2
205 415 2
205 416 2
205 417 2
205 419 1
205 420 3
205 421 2
205 422 3
205 423 4
205 426 3
205 427 3
205 430 4
205 431 3
205 432 1
205 433 4
205 434 4
205 437 1
205 438 1
205 439 1
205 440 1
205 441 1
205 442 1
205 444 3
205 446 3
205 447 3
205 448 3
205 449 1
205 450 2
205 451 2
205 452 2
205 453 1
205 461 4
205 462 2
205 463 4
205 464 3
205 465 2
205 467 4
205 469 4
205 470 2
205 480 4
205 482 2
205 501 1
205 504 3
205 509 2
205 510 3
205 511 2
205 514 1
205 515 4
205 516 2
205 517 1
205 518 3
205 519 2
205 520 3
205 521 2
205 522 3
205 523 3
205 524 3
205 525 4
205 526 3
205 527 4
205 528 3
205 529 1
205 530 4
205 536 4
205 537 3
205 540 2
205 541 3
205 543 3
205 545 1
205 548 4
205 549 2
205 551 1
205 552 3
205 553 2
205 554 1
205 555 4
205 556 3
205 557 4
205 558 2
205 559 2
205 560 3
205 561 3
205 562 3
205 563 2
205 564 1
205 565 3
205 566 2
205 567 1
205 568 4
205 569 2
205 570 2
205 573 2
205 574 4
205 575 1
205 577 1
205 578 1
205 579 4
205 580 3
205 581 3
205 583 3
205 584 3
205 585 1
205 586 2
205 588 1
205 592 3
205 593 4
205 606 2
205 622 2
205 623 2
205 624 2
205 625 2
205 626 5
205 627 2
205 639 2
205 642 3
205 643 4
205 644 4
205 645 3
205 647 3
205 648 3
205 649 4
205 650 4
205 651 3
205 652 4
205 653 4
205 654 2
205 655 4
205 656 4
205 659 3
205 661 2
205 662 4
205 664 2
205 666 4
205 667 4
205 669 1
205 670 4
205 671 4
205 673 2
205 674 3
205 675 1
205 679 1
205 684 3
205 692 3
205 694 4
205 695 3
205 697 1
205 699 3
205 700 2
205 702 1
205 707 2
205 708 3
205 710 2
205 712 3
205 714 4
205 715 3
205 716 4
205 719 2
205 720 3
205 721 2
205 722 1
205 723 3
205 726 1
205 727 4
205 728 1
205 729 3
205 731 3
205 732 1
205 734 3
205 736 3
205 739 3
205 745 4
205 746 2
205 747 3
205 753 5
205 755 2
205 759 1
205 761 3
205 765 3
205 768 2
205 769 1
205 770 4
205 771 2
205 772 1
205 773 3
205 774 1
205 775 1
205 776 1
205 777 1
205 778 2
205 779 3
205 780 1
205 782 1
205 783 1
205 784 1
205 785 2
205 786 2
205 787 1
205 788 1
205 789 2
205 790 2
205 791 1
205 793 1
205 794 3
205 795 1
205 796 1
205 798 4
205 802 1
205 807 1
205 808 1
205 810 1
205 812 1
205 816 1
205 842 1
205 843 2
205 849 1
205 851 1
205 853 1
205 854 1
205 855 1
205 858 1
205 859 2
205 860 2
205 861 1
205 904 3
205 921 4
205 939 3
205 941 3
205 943 3
205 944 1
205 946 2
205 947 4
205 949 3
205 951 2
205 953 4
205 955 3
205 956 2
205 957 3
205 959 4
205 960 1
205 964 4
205 969 2
205 971 2
205 994 1
205 996 1
205 997 2
205 999 4
206 30 4
206 480 4
206 488 4
206 507 4
206 921 4
206 1 1
206 3 1
206 4 1
206 5 1
206 7 2
206 8 1
206 10 3
206 11 1
206 12 1
206 13 1
206 14 1
206 15 1
206 20 1
206 22 1
206 24 1
206 25 1
206 28 1
206 32 1
206 39 1
206 40 1
206 42 1
206 47 1
206 48 1
206 50 3
206 52 4
206 53 1
206 58 1
206 63 1
206 64 1
206 69 1
206 71 1
206 72 1
206 79 1
206 85 1
206 86 1
206 87 1
206 89 1
206 92 1
206 93 1
206 96 1
206 99 1
206 115 1
206 117 1
206 121 1
206 123 1
206 125 1
206 127 1
206 129 1
206 131 2
206 132 1
206 133 3
206 134 2
206 135 1
206 136 3
206 143 1
206 148 1
206 151 2
206 152 1
206 153 1
206 156 1
206 158 1
206 164 1
206 168 1
206 170 1
206 172 1
206 173 1
206 174 3
206 175 2
206 179 1
206 181 1
206 182 1
206 183 1
206 186 1
206 187 1
206 188 1
206 190 1
206 191 2
206 194 2
206 195 1
206 196 1
206 198 1
206 199 1
206 202 1
206 203 3
206 204 1
206 206 1
206 209 1
206 211 3
206 212 1
206 213 1
206 215 1
206 218 2
206 219 1
206 220 1
206 222 1
206 228 1
206 234 1
206 235 1
206 237 1
206 238 1
206 239 1
206 240 1
206 274 1
206 275 1
206 276 1
206 277 1
206 284 1
206 289 1
206 317 1
206 318 1
206 357 1
206 368 2
206 381 2
206 396 1
206 404 2
206 405 1
206 410 2
206 411 2
206 414 2
206 418 2
206 419 2
206 420 2
206 421 1
206 427 1
206 428 2
206 429 3
206 430 1
206 431 1
206 434 1
206 435 1
206 436 1
206 443 1
206 447 2
206 451 1
206 452 1
206 453 1
206 461 3
206 463 1
206 468 1
206 469 1
206 474 1
206 476 1
206 478 2
206 479 2
206 481 2
206 482 1
206 485 1
206 487 3
206 490 2
206 496 1
206 498 1
206 499 4
206 501 2
206 503 3
206 504 3
206 505 2
206 508 1
206 509 3
206 511 1
206 514 1
206 515 4
206 517 2
206 519 3
206 520 1
206 523 2
206 524 1
206 526 2
206 527 2
206 528 4
206 529 3
206 543 3
206 559 1
206 561 1
206 573 2
206 575 3
206 582 1
206 588 2
206 589 1
206 591 1
206 596 1
206 605 1
206 606 2
206 607 2
206 608 5
206 610 1
206 611 5
206 612 1
206 624 1
206 632 3
206 633 3
206 634 3
206 638 2
206 639 2
206 640 1
206 641 5
206 642 3
206 645 1
206 647 3
206 651 1
206 652 1
206 655 1
206 662 1
206 663 1
206 664 1
206 665 1
206 672 1
206 675 1
206 692 2
206 693 3
206 699 1
206 701 4
206 705 2
206 712 1
206 713 2
206 715 1
206 727 5
206 732 1
206 735 1
206 737 1
206 745 5
206 746 1
206 747 1
206 756 1
206 769 1
206 772 1
206 787 1
206 813 2
206 823 1
206 825 1
206 826 2
206 831 1
206 845 1
206 919 3
206 923 2
206 942 3
206 945 4
206 960 1
206 962 1
207 4 4
207 117 3
207 194 4
207 519 4
207 588 4
207 1 4
207 2 1
207 8 4
207 25 3
207 28 4
207 29 1
207 40 2
207 45 1
207 50 4
207 56 4
207 62 2
207 68 1
207 69 4
207 70 3
207 72 2
207 82 3
207 88 3
207 89 4
207 91 1
207 96 4
207 97 4
207 98 4
207 99 2
207 100 5
207 118 3
207 123 1
207 127 4
207 132 3
207 135 4
207 143 4
207 144 4
207 147 3
207 157 1
207 158 1
207 159 1
207 161 4
207 163 2
207 172 4
207 173 4
207 174 5
207 177 1
207 179 1
207 180 1
207 181 4
207 182 3
207 183 4
207 185 4
207 186 2
207 188 1
207 193 2
207 196 4
207 197 1
207 200 1
207 201 1
207 202 4
207 203 3
207 205 1
207 208 3
207 209 4
207 211 4
207 214 1
207 215 2
207 216 4
207 217 1
207 218 1
207 222 4
207 223 1
207 226 1
207 227 2
207 228 4
207 229 3
207 230 3
207 231 2
207 232 1
207 235 2
207 238 4
207 239 3
207 244 4
207 248 1
207 249 1
207 250 3
207 255 1
207 257 3
207 258 4
207 265 3
207 269 1
207 274 3
207 286 4
207 289 1
207 290 1
207 291 1
207 313 4
207 315 2
207 316 1
207 345 1
207 357 4
207 371 1
207 382 1
207 385 4
207 393 3
207 399 3
207 400 1
207 403 3
207 405 3
207 416 1
207 418 2
207 423 4
207 427 1
207 428 1
207 432 2
207 433 2
207 436 1
207 447 1
207 448 1
207 449 1
207 455 1
207 466 1
207 476 1
207 478 1
207 479 1
207 483 3
207 484 1
207 493 3
207 496 3
207 502 4
207 508 3
207 510 2
207 514 1
207 521 1
207 525 1
207 559 1
207 561 2
207 565 1
207 603 2
207 616 1
207 629 1
207 635 2
207 642 1
207 648 4
207 655 3
207 656 1
207 657 1
207 660 1
207 675 1
207 684 3
207 705 1
207 710 1
207 712 2
207 715 1
207 729 1
207 732 2
207 746 1
207 755 1
207 756 1
207 785 2
207 844 1
207 859 2
207 869 3
207 879 2
207 949 2
207 969 2
207 972 1
207 993 1
208 302 5
208 315 5
208 328 2
208 347 3
208 748 5
208 258 3
208 270 1
208 271 1
208 286 3
208 288 3
208 294 3
208 300 3
208 312 1
208 313 4
208 319 1
208 324 1
208 358 1
208 539 1
208 683 1
208 689 1
209 12 4
209 153 4
209 165 4
209 168 5
209 174 4
209 6 1
209 8 4
209 9 4
209 14 1
209 22 4
209 23 4
209 28 4
209 30 2
209 48 2
209 50 4
209 58 1
209 59 1
209 60 1
209 65 1
209 87 3
209 89 4
209 97 4
209 98 4
209 99 2
209 100 4
209 133 2
209 135 4
209 154 3
209 156 1
209 162 2
209 166 2
209 170 2
209 172 4
209 173 4
209 175 4
209 179 4
209 181 4
209 186 4
209 187 4
209 191 4
209 192 1
209 195 4
209 197 4
209 199 3
209 200 3
209 201 1
209 202 3
209 203 3
209 204 4
209 205 2
209 207 1
209 209 4
209 210 4
209 213 1
209 214 3
209 216 4
209 223 2
209 264 3
209 266 3
209 270 2
209 275 2
209 276 3
209 283 1
209 285 1
209 286 4
209 288 4
209 300 3
209 303 2
209 318 4
209 321 1
209 322 1
209 325 2
209 327 2
209 339 3
209 343 1
209 357 4
209 367 2
209 381 3
209 382 2
209 404 2
209 427 4
209 428 1
209 429 1
209 430 2
209 433 4
209 435 5
209 461 1
209 474 4
209 478 1
209 479 2
209 480 4
209 481 4
209 482 2
209 483 5
209 484 3
209 485 1
209 486 2
209 489 1
209 491 4
209 493 1
209 496 3
209 497 1
209 498 2
209 504 1
209 505 1
209 514 2
209 516 4
209 518 3
209 520 3
209 523 4
209 526 2
209 527 4
209 528 3
209 530 3
209 604 1
209 606 1
209 607 3
209 608 1
209 609 2
209 615 1
209 618 3
209 631 1
209 633 4
209 647 2
209 654 1
209 659 1
209 661 2
209 664 1
209 676 3
209 680 4
209 684 4
209 708 1
209 709 2
209 714 1
209 733 1
209 749 1
209 855 1
209 877 2
209 879 3
209 937 1
209 945 1
209 965 1
209 995 1
210 258 2
210 269 5
210 311 3
210 323 3
210 898 3
210 286 3
210 289 2
210 300 3
210 312 1
210 313 3
210 315 1
210 316 1
210 328 3
210 340 3
210 347 1
210 354 1
210 538 1
210 690 1
210 748 3
210 754 1
210 873 1
210 882 1
210 886 1
210 905 1
211 38 4
211 258 4
211 276 3
211 318 4
211 527 4
211 1 4
211 4 3
211 9 4
211 22 4
211 28 4
211 50 4
211 56 4
211 58 1
211 73 1
211 88 1
211 117 4
211 161 4
211 168 4
211 172 4
211 181 4
211 182 4
211 186 4
211 195 4
211 196 4
211 208 2
211 209 4
211 210 4
211 222 4
211 227 2
211 228 4
211 229 2
211 230 3
211 265 3
211 304 1
211 405 3
211 435 4
211 449 1
211 451 1
211 485 2
211 566 1
211 568 4
211 651 3
211 655 4
211 709 1
211 720 1
211 732 2
211 770 2
212 70 4
212 276 5
212 288 4
212 427 4
212 508 4
212 4 1
212 7 3
212 23 1
212 24 1
212 28 1
212 56 4
212 64 3
212 81 1
212 92 1
212 96 1
212 114 1
212 117 4
212 135 2
212 150 1
212 154 1
212 172 1
212 173 1
212 175 1
212 182 1
212 186 1
212 193 1
212 202 2
212 206 1
212 211 1
212 218 1
212 318 3
212 340 1
212 357 1
212 408 1
212 436 1
212 480 1
212 487 1
212 526 1
212 634 1
212 651 1
212 684 1
212 724 1
213 15 4
213 269 4
213 271 4
213 284 4
213 936 4
213 7 3
213 9 3
213 14 1
213 50 4
213 124 1
213 147 1
213 181 4
213 222 3
213 236 1
213 245 1
213 250 1
213 255 1
213 257 2
213 258 4
213 260 1
213 270 1
213 275 2
213 286 4
213 297 1
213 300 4
213 301 2
213 302 4
213 303 1
213 306 1
213 326 1
213 328 3
213 332 1
213 471 1
213 508 1
213 628 1
213 690 1
213 877 1
214 100 5
214 272 5
214 302 5
214 340 4
214 690 4
214 258 3
214 260 2
214 264 3
214 294 3
214 300 3
214 301 3
214 310 2
214 325 2
214 343 2
214 346 2
214 678 2
214 748 2
215 180 5
215 185 4
215 432 4
215 641 3
215 754 4
215 56 4
215 154 3
215 195 3
215 243 1
215 269 1
215 322 1
215 323 1
215 328 1
215 479 1
215 480 1
215 531 2
215 748 2
216 55 2
216 99 4
216 161 4
216 248 5
216 827 4
216 1 4
216 2 1
216 7 3
216 8 2
216 9 3
216 10 1
216 11 1
216 12 1
216 13 1
216 14 1
216 21 1
216 22 3
216 24 1
216 25 3
216 27 2
216 28 3
216 29 1
216 31 1
216 32 1
216 36 1
216 38 1
216 41 2
216 42 1
216 43 2
216 44 1
216 49 1
216 50 4
216 51 1
216 53 1
216 54 1
216 56 4
216 58 1
216 64 5
216 65 1
216 66 1
216 67 1
216 69 4
216 70 3
216 71 3
216 73 1
216 77 1
216 81 1
216 82 4
216 83 1
216 85 1
216 86 1
216 87 2
216 88 1
216 90 1
216 92 1
216 93 1
216 94 2
216 97 3
216 98 4
216 105 1
216 106 1
216 107 1
216 117 3
216 121 3
216 123 1
216 125 1
216 126 1
216 127 2
216 132 2
216 133 3
216 134 1
216 136 1
216 137 1
216 140 3
216 142 1
216 143 2
216 144 2
216 148 1
216 154 1
216 155 1
216 156 1
216 157 1
216 158 1
216 159 1
216 168 2
216 172 3
216 174 4
216 176 2
216 178 3
216 181 4
216 182 1
216 183 2
216 185 1
216 187 1
216 191 4
216 194 3
216 195 4
216 196 3
216 197 2
216 199 2
216 200 1
216 202 3
216 203 1
216 204 4
216 209 1
216 210 4
216 211 1
216 213 1
216 215 1
216 216 4
216 217 1
216 219 1
216 220 1
216 225 2
216 226 1
216 230 3
216 234 3
216 237 4
216 238 2
216 239 1
216 240 1
216 241 1
216 242 1
216 245 1
216 246 1
216 249 2
216 250 1
216 251 1
216 252 1
216 253 3
216 254 1
216 257 1
216 258 3
216 259 1
216 264 1
216 266 2
216 268 1
216 272 1
216 274 1
216 275 1
216 276 1
216 277 1
216 281 1
216 283 1
216 284 1
216 285 1
216 286 2
216 287 1
216 288 2
216 289 1
216 294 4
216 295 1
216 297 1
216 298 1
216 301 1
216 304 1
216 307 1
216 312 1
216 313 2
216 315 1
216 316 1
216 317 2
216 318 3
216 319 3
216 322 1
216 323 1
216 326 1
216 327 1
216 328 1
216 329 1
216 331 1
216 332 1
216 333 1
216 338 1
216 339 1
216 346 1
216 347 1
216 348 1
216 354 1
216 356 1
216 357 1
216 364 2
216 366 1
216 367 1
216 369 1
216 375 2
216 378 2
216 385 2
216 388 1
216 393 1
216 395 1
216 396 1
216 399 1
216 401 1
216 402 2
216 403 1
216 404 3
216 405 4
216 411 1
216 412 1
216 416 3
216 417 2
216 418 2
216 419 1
216 423 4
216 425 1
216 427 2
216 431 1
216 432 1
216 433 1
216 443 1
216 448 1
216 451 1
216 452 1
216 462 1
216 463 1
216 468 1
216 469 1
216 471 1
216 472 1
216 473 1
216 475 1
216 476 1
216 479 1
216 480 2
216 496 2
216 498 1
216 500 1
216 501 1
216 506 1
216 509 2
216 515 1
216 526 1
216 531 1
216 532 1
216 538 1
216 546 2
216 549 1
216 553 1
216 554 1
216 559 1
216 560 2
216 564 1
216 568 2
216 576 1
216 578 2
216 585 2
216 588 2
216 591 1
216 592 1
216 607 3
216 614 1
216 619 1
216 625 1
216 627 1
216 628 1
216 633 1
216 651 1
216 652 1
216 657 1
216 658 1
216 660 1
216 662 2
216 676 1
216 678 1
216 682 1
216 684 1
216 685 1
216 686 1
216 689 1
216 690 1
216 692 2
216 693 1
216 696 1
216 699 1
216 707 1
216 708 1
216 710 1
216 712 1
216 713 1
216 717 1
216 720 3
216 721 1
216 723 1
216 724 1
216 729 1
216 734 1
216 735 1
216 737 1
216 738 1
216 739 1
216 746 1
216 747 1
216 748 1
216 750 1
216 754 1
216 755 1
216 761 1
216 762 1
216 763 1
216 768 1
216 770 1
216 775 3
216 778 1
216 781 2
216 783 2
216 785 3
216 790 2
216 792 2
216 794 3
216 795 2
216 803 1
216 807 1
216 812 2
216 815 1
216 819 1
216 821 1
216 824 1
216 833 1
216 834 1
216 840 1
216 842 2
216 843 2
216 845 1
216 849 1
216 864 1
216 865 5
216 866 1
216 873 1
216 874 4
216 879 1
216 895 1
216 915 5
216 916 5
216 917 1
216 918 3
216 928 1
216 929 1
216 930 1
216 931 1
216 934 1
216 936 1
216 937 1
216 938 1
216 941 1
216 955 3
216 959 1
216 966 4
216 972 1
216 975 1
216 980 1
216 985 1
216 990 2
216 997 1
217 122 2
217 168 4
217 182 4
217 252 3
217 421 4
217 1 4
217 3 2
217 5 1
217 7 4
217 11 4
217 12 4
217 13 2
217 15 3
217 16 4
217 17 1
217 20 1
217 23 1
217 24 1
217 27 1
217 29 1
217 32 1
217 39 1
217 42 1
217 44 1
217 47 1
217 50 4
217 51 1
217 55 2
217 56 4
217 58 2
217 62 1
217 63 1
217 64 5
217 65 1
217 67 1
217 68 1
217 69 4
217 70 3
217 72 1
217 73 1
217 77 1
217 78 1
217 79 4
217 80 1
217 81 3
217 82 4
217 83 1
217 89 4
217 91 1
217 95 1
217 96 4
217 97 3
217 98 4
217 99 2
217 100 5
217 101 1
217 106 1
217 109 1
217 118 3
217 120 1
217 123 1
217 125 1
217 127 4
217 131 2
217 132 4
217 135 4
217 139 1
217 142 1
217 144 3
217 145 1
217 147 1
217 154 1
217 157 2
217 159 1
217 162 1
217 164 1
217 167 1
217 169 1
217 171 2
217 172 3
217 173 4
217 174 4
217 176 4
217 178 1
217 179 2
217 181 4
217 183 4
217 184 1
217 186 3
217 190 1
217 195 4
217 196 4
217 198 1
217 200 2
217 201 1
217 202 3
217 206 1
217 207 1
217 208 1
217 211 4
217 214 3
217 216 4
217 217 1
217 218 1
217 219 1
217 222 4
217 223 1
217 226 1
217 228 4
217 232 1
217 234 3
217 235 1
217 242 1
217 245 1
217 246 1
217 248 1
217 250 1
217 255 1
217 257 1
217 258 4
217 260 1
217 264 1
217 265 4
217 270 1
217 273 2
217 286 4
217 288 3
217 290 1
217 293 1
217 294 2
217 298 1
217 323 1
217 324 1
217 325 1
217 326 1
217 340 1
217 357 4
217 358 1
217 364 1
217 367 2
217 373 1
217 380 4
217 382 1
217 384 1
217 385 2
217 386 1
217 388 1
217 391 1
217 392 1
217 393 1
217 395 1
217 396 1
217 399 1
217 402 1
217 403 3
217 404 2
217 413 1
217 419 1
217 420 2
217 422 1
217 423 3
217 425 2
217 428 1
217 431 1
217 433 3
217 436 1
217 441 1
217 444 1
217 447 1
217 449 1
217 451 1
217 452 1
217 461 2
217 465 1
217 472 1
217 474 2
217 475 1
217 483 2
217 484 1
217 485 1
217 498 1
217 501 1
217 508 3
217 513 1
217 518 1
217 541 1
217 544 2
217 545 2
217 546 3
217 550 2
217 551 1
217 552 2
217 555 1
217 559 1
217 561 2
217 562 2
217 563 1
217 574 3
217 578 1
217 579 4
217 582 2
217 588 2
217 596 1
217 597 1
217 614 1
217 616 3
217 625 1
217 628 2
217 631 1
217 636 3
217 638 4
217 640 1
217 642 2
217 655 2
217 658 2
217 665 1
217 668 3
217 669 1
217 674 1
217 679 1
217 684 2
217 685 1
217 692 1
217 708 2
217 709 1
217 710 2
217 715 1
217 723 1
217 725 1
217 727 2
217 728 1
217 732 1
217 742 1
217 746 1
217 747 1
217 748 1
217 758 1
217 762 1
217 764 1
217 765 1
217 767 1
217 769 1
217 774 1
217 778 1
217 781 1
217 783 1
217 792 2
217 796 1
217 797 1
217 800 1
217 804 1
217 809 2
217 810 4
217 815 1
217 825 1
217 827 1
217 831 1
217 849 1
217 855 1
217 871 1
217 895 1
217 923 1
217 928 1
217 940 1
217 943 3
217 944 1
217 946 1
217 963 1
217 979 1
217 999 1
217 1000 1
218 258 5
218 288 5
218 301 2
218 313 3
218 327 1
218 269 3
218 302 4
218 304 1
218 315 2
218 328 3
218 331 1
218 333 3
218 344 1
218 346 1
218 362 1
218 750 1
218 895 2
218 899 1
219 50 5
219 604 5
219 615 5
219 617 4
219 705 5
219 14 1
219 79 4
219 89 4
219 100 4
219 134 1
219 173 4
219 181 4
219 223 2
219 257 3
219 275 1
219 286 3
219 306 2
219 405 3
219 478 1
219 488 1
219 514 1
220 14 5
220 270 3
220 283 5
220 288 3
220 475 4
220 19 1
220 86 1
220 100 4
220 116 1
220 137 1
220 251 1
220 275 2
220 301 1
220 302 1
220 319 1
220 331 1
220 408 1
220 478 1
220 484 1
220 508 3
220 513 1
220 603 1
220 750 1
220 753 4
221 89 5
221 172 5
221 219 3
221 474 4
221 674 5
221 4 1
221 7 4
221 11 2
221 12 3
221 50 5
221 56 4
221 82 4
221 87 1
221 96 4
221 100 4
221 117 1
221 124 1
221 127 4
221 129 1
221 144 2
221 156 1
221 164 1
221 174 4
221 175 4
221 176 4
221 182 2
221 183 4
221 185 2
221 187 1
221 194 2
221 200 1
221 213 1
221 218 1
221 234 3
221 238 3
221 302 1
221 333 1
221 443 1
221 448 1
221 466 1
221 516 1
221 517 2
221 603 1
221 653 1
221 657 1
221 672 1
221 709 1
221 879 1
221 914 1
221 915 1
222 273 5
222 742 2
222 760 3
222 854 4
222 867 3
222 1 4
222 5 4
222 15 1
222 50 4
222 53 1
222 93 1
222 98 3
222 100 4
222 109 1
222 117 4
222 124 1
222 126 1
222 127 2
222 129 1
222 137 1
222 151 1
222 181 4
222 184 1
222 200 1
222 201 1
222 217 1
222 219 1
222 222 3
222 235 1
222 250 1
222 257 1
222 258 4
222 260 1
222 270 2
222 275 1
222 276 3
222 286 2
222 287 1
222 288 3
222 293 2
222 294 3
222 299 3
222 307 1
222 324 1
222 325 1
222 326 2
222 327 2
222 334 1
222 358 1
222 370 2
222 379 2
222 396 1
222 410 1
222 436 1
222 447 1
222 448 1
222 452 3
222 458 1
222 475 1
222 477 1
222 515 1
222 551 1
222 558 1
222 559 1
222 561 1
222 590 1
222 665 1
222 670 1
222 671 2
222 672 1
222 682 1
222 919 1
222 922 3
222 926 1
223 9 5
223 125 2
223 750 5
223 924 4
223 977 1
223 15 4
223 127 4
223 148 2
223 237 4
223 245 2
223 258 4
223 269 4
223 272 2
223 276 3
223 282 3
223 286 3
223 299 2
223 300 3
223 302 3
223 304 2
223 307 1
223 310 1
223 313 4
223 315 1
223 322 1
223 323 1
223 326 1
223 327 1
223 328 3
223 329 1
223 333 1
223 340 1
223 344 4
223 347 3
223 348 1
223 355 2
223 471 3
223 546 3
223 591 2
223 628 1
223 678 1
223 689 3
223 690 1
223 696 1
223 744 1
223 748 1
223 751 1
223 754 4
223 823 1
223 879 2
223 898 1
224 14 4
224 100 5
224 289 5
224 681 3
224 683 3
224 1 4
224 9 4
224 15 4
224 25 3
224 50 4
224 115 1
224 127 4
224 151 3
224 172 3
224 243 1
224 261 1
224 275 3
224 288 3
224 294 3
224 310 1
224 323 2
224 333 2
224 427 1
224 435 2
224 508 3
224 538 1
224 689 3
224 740 3
224 882 1
224 989 2
225 38 3
225 168 5
225 250 4
225 540 2
225 568 3
225 1 4
225 2 1
225 7 4
225 17 2
225 22 2
225 24 1
225 32 1
225 39 1
225 53 1
225 55 1
225 56 4
225 62 1
225 68 1
225 79 4
225 82 4
225 83 2
225 98 4
225 100 4
225 117 4
225 118 3
225 121 4
225 124 1
225 127 4
225 144 3
225 145 1
225 147 1
225 156 1
225 171 3
225 172 4
225 174 4
225 176 4
225 177 1
225 178 1
225 180 1
225 183 4
225 185 3
225 187 1
225 188 1
225 191 4
225 195 4
225 198 1
225 200 1
225 201 1
225 204 4
225 207 2
225 209 4
225 210 4
225 218 1
225 219 1
225 222 4
225 227 2
225 229 3
225 230 3
225 231 1
225 232 1
225 234 2
225 241 1
225 244 4
225 252 1
225 257 1
225 259 1
225 271 1
225 272 1
225 273 1
225 281 1
225 286 4
225 288 3
225 289 1
225 298 1
225 302 1
225 305 1
225 307 1
225 310 1
225 313 3
225 316 1
225 318 2
225 322 1
225 323 1
225 324 3
225 325 2
225 327 1
225 333 1
225 338 1
225 340 1
225 343 1
225 346 1
225 355 2
225 357 3
225 358 1
225 362 1
225 363 1
225 379 1
225 385 2
225 398 1
225 424 1
225 429 2
225 445 3
225 447 1
225 448 1
225 452 1
225 474 2
225 475 1
225 491 1
225 515 1
225 520 1
225 522 2
225 529 1
225 538 1
225 550 1
225 562 1
225 566 1
225 573 1
225 576 1
225 583 1
225 590 1
225 597 1
225 636 2
225 669 1
225 670 3
225 675 3
225 678 1
225 679 1
225 686 1
225 689 1
225 690 1
225 748 1
225 750 1
225 751 2
225 759 1
225 823 2
225 825 1
225 831 1
225 841 1
225 853 1
225 877 1
225 879 1
225 895 1
225 912 2
225 943 3
225 976 2
226 204 3
226 427 5
226 432 3
226 527 3
226 607 4
226 23 1
226 50 4
226 98 4
226 99 1
226 132 2
226 133 1
226 134 1
226 135 1
226 168 3
226 174 4
226 178 1
226 182 1
226 185 2
226 191 4
226 194 3
226 196 3
226 197 1
226 199 1
226 200 1
226 208 1
226 211 1
226 318 2
226 332 1
226 418 1
226 428 1
226 429 1
226 430 1
226 435 1
226 474 1
226 478 1
226 480 1
226 483 1
226 486 1
226 488 1
226 490 4
226 491 1
226 492 1
226 493 1
226 494 2
226 504 1
226 505 1
226 510 1
226 511 1
226 524 1
226 525 1
226 526 1
226 601 4
226 603 1
226 605 1
226 606 1
226 608 5
226 610 1
226 613 4
226 614 4
226 616 1
226 631 1
226 633 1
226 646 1
226 648 1
226 651 1
226 653 4
226 654 1
226 655 3
226 657 1
226 673 1
226 705 1
226 754 4
226 835 3
226 836 2
226 848 5
227 258 4
227 286 4
227 319 3
227 332 5
227 341 5
227 245 3
227 263 1
227 292 1
227 300 3
227 302 4
227 303 1
227 304 1
227 328 3
227 359 1
227 680 1
227 681 1
227 682 2
227 688 1
227 874 1
227 937 1
227 938 1
227 989 2
227 990 3
228 268 4
228 271 2
228 313 5
228 538 4
228 908 4
228 243 1
228 259 2
228 272 4
228 286 4
228 289 3
228 294 3
228 300 4
228 301 3
228 305 2
228 307 3
228 312 3
228 316 3
228 322 3
228 323 3
228 326 3
228 329 1
228 331 2
228 332 3
228 334 1
228 338 3
228 340 3
228 343 2
228 344 3
228 347 2
228 350 3
228 690 1
228 750 1
228 875 1
228 877 2
228 879 2
228 886 1
228 896 3
228 988 2
229 47 4
229 153 4
229 433 3
229 806 2
229 928 2
229 1 4
229 2 1
229 3 1
229 4 1
229 7 3
229 8 1
229 12 1
229 15 1
229 21 1
229 22 1
229 23 1
229 24 1
229 26 1
229 28 1
229 31 1
229 32 1
229 45 1
229 48 1
229 50 3
229 52 1
229 53 1
229 55 1
229 56 4
229 58 1
229 62 1
229 63 1
229 64 2
229 66 1
229 68 1
229 69 2
229 70 3
229 72 1
229 73 1
229 77 1
229 79 3
229 81 1
229 82 2
229 83 1
229 85 1
229 86 1
229 87 1
229 88 1
229 89 3
229 90 1
229 91 1
229 92 1
229 93 1
229 95 1
229 96 2
229 97 2
229 101 2
229 109 1
229 114 1
229 117 1
229 118 1
229 123 1
229 124 1
229 127 1
229 128 1
229 132 2
229 133 1
229 134 1
229 137 1
229 140 2
229 141 1
229 143 1
229 144 1
229 150 1
229 151 1
229 154 1
229 157 1
229 159 1
229 161 1
229 162 1
229 163 1
229 164 1
229 165 1
229 166 1
229 168 3
229 170 1
229 172 2
229 174 4
229 178 1
229 179 1
229 181 3
229 183 1
229 184 1
229 185 2
229 186 1
229 188 1
229 190 1
229 191 2
229 193 1
229 195 4
229 197 1
229 201 1
229 202 3
229 203 1
229 207 2
229 208 1
229 209 3
229 210 3
229 211 1
229 214 1
229 216 3
229 218 1
229 219 1
229 223 1
229 225 1
229 229 1
229 232 1
229 233 1
229 237 2
229 238 3
229 248 1
229 249 1
229 250 1
229 258 3
229 264 2
229 265 1
229 273 1
229 274 1
229 275 1
229 276 1
229 277 1
229 280 1
229 281 1
229 282 1
229 283 1
229 288 1
229 290 1
229 291 1
229 298 1
229 301 1
229 318 1
229 319 1
229 321 1
229 338 1
229 340 1
229 356 1
229 365 1
229 366 1
229 367 1
229 371 1
229 378 1
229 382 1
229 385 1
229 387 1
229 392 1
229 393 1
229 403 1
229 404 2
229 405 3
229 410 1
229 411 1
229 415 2
229 418 1
229 419 1
229 423 3
229 427 1
229 428 3
229 430 1
229 431 1
229 432 1
229 435 1
229 436 1
229 441 1
229 448 1
229 455 1
229 457 1
229 464 1
229 466 1
229 467 2
229 468 2
229 470 1
229 473 1
229 475 1
229 480 1
229 481 1
229 482 1
229 483 1
229 484 1
229 485 1
229 491 1
229 493 1
229 495 1
229 496 1
229 499 1
229 500 4
229 502 1
229 504 1
229 505 1
229 508 1
229 511 1
229 514 1
229 520 1
229 527 1
229 531 1
229 535 1
229 537 3
229 546 1
229 549 1
229 550 1
229 559 1
229 566 1
229 568 1
229 569 1
229 570 2
229 578 1
229 581 2
229 584 1
229 591 2
229 602 1
229 603 1
229 611 1
229 625 1
229 627 1
229 628 1
229 629 1
229 631 1
229 633 1
229 635 1
229 636 1
229 640 2
229 642 1
229 652 1
229 654 1
229 655 4
229 658 1
229 662 1
229 665 1
229 671 1
229 672 1
229 673 1
229 679 2
229 684 1
229 686 1
229 692 1
229 693 1
229 700 2
229 702 1
229 705 1
229 708 1
229 709 1
229 710 2
229 726 3
229 729 1
229 732 1
229 735 1
229 742 1
229 744 1
229 747 1
229 755 1
229 756 1
229 761 1
229 762 1
229 763 1
229 768 1
229 780 1
229 794 1
229 804 1
229 805 1
229 820 1
229 826 1
229 833 1
229 845 1
229 847 1
229 921 2
229 941 1
229 944 1
229 961 1
229 967 1
229 972 1
230 164 3
230 234 4
230 300 3
230 302 4
230 436 4
230 9 4
230 10 2
230 12 3
230 19 1
230 42 1
230 50 4
230 56 4
230 98 4
230 100 4
230 101 1
230 117 4
230 124 1
230 129 1
230 137 1
230 148 2
230 152 1
230 165 1
230 181 4
230 221 1
230 222 4
230 237 3
230 248 1
230 253 1
230 258 4
230 264 1
230 273 1
230 276 3
230 286 3
230 288 3
230 293 2
230 294 3
230 318 1
230 328 4
230 462 1
230 514 1
230 515 1
230 527 1
230 528 1
230 547 3
230 628 1
230 656 1
230 674 1
230 744 2
231 300 4
231 307 3
231 538 4
231 690 3
231 754 3
231 245 3
231 286 3
231 302 3
231 322 2
231 323 3
231 327 1
231 358 1
231 689 2
231 748 3
231 879 2
231 988 2
232 24 1
232 246 4
232 274 3
232 276 4
232 295 3
232 1 4
232 3 1
232 7 4
232 50 4
232 93 4
232 100 4
232 108 1
232 109 1
232 111 4
232 117 4
232 118 3
232 121 3
232 123 1
232 150 3
232 151 3
232 181 4
232 222 4
232 237 4
232 248 2
232 249 2
232 250 2
232 257 4
232 258 4
232 284 2
232 294 3
232 300 3
232 315 1
232 322 1
232 405 3
232 410 1
232 411 3
232 471 1
232 508 3
232 546 3
232 620 1
232 628 1
232 678 1
232 742 3
232 763 1
232 815 1
232 844 2
232 845 1
232 864 1
232 871 1
233 12 5
233 194 5
233 303 4
233 322 2
233 340 3
233 50 4
233 59 1
233 60 1
233 95 1
233 173 4
233 174 5
233 246 1
233 268 4
233 269 4
233 273 3
233 276 3
233 293 2
233 294 3
233 302 4
233 323 2
233 325 1
233 326 1
233 333 2
233 358 1
233 435 1
233 474 1
233 507 2
233 657 2
233 682 1
233 690 1
233 748 3
233 754 2
233 919 1
234 121 4
234 151 5
234 287 5
234 369 4
234 844 3
234 7 4
234 9 4
234 111 3
234 125 4
234 147 1
234 148 1
234 220 1
234 225 1
234 237 3
234 274 1
234 275 1
234 283 1
234 288 3
234 347 1
234 406 1
234 471 1
234 476 1
234 477 1
234 546 3
234 628 1
234 743 2
234 756 1
234 763 1
234 815 1
234 819 3
234 833 1
234 928 1
234 975 1
235 95 3
235 357 4
235 474 3
235 578 5
235 885 3
235 1 4
235 3 2
235 4 2
235 5 2
235 7 4
235 9 4
235 11 2
235 12 4
235 15 3
235 21 1
235 22 4
235 23 2
235 24 3
235 25 3
235 27 1
235 28 4
235 29 2
235 31 3
235 38 1
235 40 2
235 42 1
235 45 1
235 49 2
235 50 4
235 52 4
235 54 3
235 62 1
235 63 1
235 64 5
235 67 1
235 68 1
235 69 4
235 71 4
235 72 1
235 73 1
235 80 1
235 81 1
235 82 4
235 83 3
235 85 1
235 86 4
235 89 5
235 90 1
235 96 4
235 100 4
235 105 1
235 108 1
235 109 2
235 111 1
235 115 5
235 117 1
235 118 2
235 121 3
235 122 1
235 123 2
235 125 3
235 128 3
235 132 4
235 135 4
235 136 3
235 141 3
235 148 1
235 151 3
235 152 3
235 153 4
235 154 2
235 156 3
235 157 1
235 159 1
235 160 3
235 161 4
235 162 3
235 163 1
235 164 2
235 167 1
235 168 4
235 171 3
235 172 4
235 173 4
235 174 4
235 175 4
235 176 4
235 182 3
235 183 4
235 184 1
235 185 4
235 186 1
235 187 3
235 188 2
235 190 2
235 191 4
235 195 4
235 196 4
235 199 3
235 200 3
235 204 4
235 206 3
235 211 4
235 214 3
235 215 3
235 216 4
235 217 2
235 218 3
235 219 1
235 222 4
235 225 2
235 226 1
235 227 2
235 228 4
235 229 2
235 230 3
235 234 4
235 239 1
235 240 2
235 245 2
235 246 4
235 250 3
235 252 1
235 254 1
235 255 3
235 257 2
235 258 4
235 260 1
235 264 1
235 273 3
235 284 2
235 290 1
235 291 2
235 294 3
235 299 1
235 300 2
235 307 2
235 313 3
235 317 4
235 318 4
235 321 2
235 327 1
235 331 2
235 338 2
235 343 3
235 351 4
235 354 1
235 358 3
235 367 2
235 369 1
235 376 1
235 380 1
235 381 3
235 382 3
235 384 1
235 385 4
235 386 1
235 392 3
235 393 2
235 394 1
235 399 1
235 402 3
235 403 2
235 404 3
235 410 2
235 411 1
235 413 1
235 423 4
235 424 1
235 431 3
235 433 3
235 434 3
235 435 2
235 436 1
235 443 3
235 447 2
235 448 2
235 451 1
235 455 1
235 462 4
235 465 3
235 470 2
235 473 1
235 476 2
235 520 2
235 541 2
235 542 2
235 546 2
235 550 1
235 554 1
235 561 2
235 562 1
235 566 1
235 567 1
235 568 3
235 569 2
235 571 1
235 572 2
235 573 1
235 576 1
235 577 1
235 584 2
235 587 1
235 588 4
235 597 1
235 616 1
235 625 3
235 628 1
235 631 3
235 637 2
235 640 2
235 649 1
235 652 3
235 655 3
235 659 3
235 665 1
235 672 2
235 673 3
235 674 2
235 675 2
235 679 1
235 684 2
235 693 3
235 696 2
235 697 3
235 710 3
235 713 4
235 715 2
235 717 3
235 720 2
235 729 3
235 732 1
235 743 2
235 746 3
235 748 2
235 751 2
235 752 4
235 756 2
235 760 1
235 762 1
235 780 1
235 781 1
235 786 1
235 790 1
235 792 2
235 797 1
235 800 1
235 820 1
235 821 2
235 825 1
235 826 3
235 831 2
235 834 1
235 841 1
235 845 1
235 862 1
235 890 4
235 895 1
235 924 2
235 926 1
235 928 1
235 929 2
235 943 1
235 944 1
235 961 2
235 977 1
235 983 1
236 99 3
236 219 5
236 313 5
236 660 4
236 721 3
236 21 1
236 23 1
236 26 1
236 38 1
236 39 1
236 43 2
236 47 1
236 65 2
236 66 1
236 72 1
236 73 1
236 83 1
236 90 1
236 92 1
236 95 2
236 96 3
236 98 4
236 102 1
236 111 3
236 125 4
236 127 4
236 132 2
236 133 1
236 157 1
236 159 1
236 161 3
236 168 4
236 172 2
236 174 5
236 179 2
236 182 1
236 186 1
236 200 2
236 204 3
236 215 2
236 216 4
236 217 1
236 218 1
236 226 1
236 238 1
236 265 2
236 276 4
236 287 2
236 288 3
236 325 1
236 327 3
236 340 2
236 347 2
236 367 2
236 381 1
236 392 3
236 400 1
236 411 1
236 433 2
236 441 3
236 447 3
236 454 3
236 503 1
236 504 1
236 506 1
236 537 1
236 546 3
236 553 1
236 559 1
236 568 2
236 581 1
236 585 1
236 595 2
236 628 2
236 642 1
236 649 1
236 655 2
236 658 3
236 708 1
236 710 1
236 715 1
236 723 1
236 739 1
236 742 4
236 746 1
236 748 2
236 761 2
236 762 1
236 763 2
236 785 1
236 787 1
236 790 1
236 794 1
236 821 1
236 845 2
236 895 2
236 974 3
237 50 5
237 170 5
237 180 4
237 479 5
237 707 3
237 5 2
237 11 4
237 12 4
237 14 4
237 28 4
237 30 4
237 42 3
237 47 2
237 51 2
237 56 4
237 58 3
237 65 2
237 69 4
237 70 4
237 77 2
237 79 4
237 82 3
237 83 4
237 86 3
237 87 3
237 88 4
237 89 4
237 90 2
237 91 3
237 95 4
237 97 4
237 98 4
237 99 4
237 111 3
237 116 3
237 118 3
237 124 4
237 131 4
237 132 4
237 133 3
237 134 4
237 137 3
237 143 3
237 144 4
237 145 1
237 151 4
237 154 2
237 155 2
237 161 3
237 162 3
237 165 1
237 166 3
237 168 4
237 173 4
237 174 5
237 176 4
237 179 4
237 181 4
237 183 4
237 185 4
237 186 4
237 190 4
237 191 4
237 195 4
237 197 4
237 204 4
237 207 4
237 208 4
237 211 4
237 212 2
237 213 3
237 214 4
237 216 4
237 217 2
237 218 3
237 219 2
237 229 3
237 234 4
237 237 4
237 238 4
237 239 3
237 244 2
237 253 4
237 254 2
237 265 4
237 275 4
237 276 4
237 281 3
237 283 4
237 286 3
237 287 2
237 288 3
237 292 3
237 301 3
237 318 4
237 378 4
237 381 2
237 387 4
237 393 3
237 402 2
237 404 4
237 412 3
237 415 1
237 418 3
237 419 3
237 421 4
237 423 4
237 428 3
237 432 4
237 433 4
237 435 4
237 436 4
237 447 4
237 450 2
237 451 3
237 463 4
237 466 1
237 473 2
237 478 4
237 480 3
237 482 2
237 483 5
237 484 2
237 485 2
237 496 4
237 497 4
237 499 4
237 501 3
237 507 2
237 512 4
237 514 2
237 517 4
237 518 3
237 521 1
237 523 2
237 559 2
237 566 3
237 581 1
237 582 2
237 583 1
237 584 3
237 588 4
237 603 3
237 607 3
237 614 4
237 629 3
237 640 2
237 642 4
237 651 4
237 652 4
237 654 3
237 655 4
237 657 3
237 658 4
237 660 4
237 663 4
237 665 3
237 672 3
237 674 3
237 683 1
237 684 3
237 692 4
237 696 3
237 697 4
237 698 1
237 699 1
237 702 3
237 705 4
237 708 2
237 709 4
237 710 3
237 727 4
237 730 3
237 732 3
237 736 4
237 737 2
237 739 2
237 746 3
237 747 3
237 748 3
237 753 1
237 755 3
237 770 3
237 778 4
237 781 4
237 794 3
237 812 2
237 842 3
237 843 4
237 946 2
237 955 4
237 969 3
238 15 4
238 255 4
238 286 2
238 864 3
238 866 5
238 1 4
238 9 4
238 21 1
238 50 4
238 100 4
238 118 3
238 121 3
238 181 3
238 220 1
238 237 4
238 245 3
238 269 4
238 280 1
238 321 1
238 471 3
238 476 1
238 815 1
238 845 1
239 14 5
239 246 4
239 307 3
239 591 4
239 895 3
239 7 4
239 13 3
239 93 2
239 100 4
239 121 3
239 125 2
239 147 1
239 237 3
239 240 1
239 242 1
239 257 2
239 273 1
239 276 4
239 282 1
239 285 1
239 288 3
239 293 2
239 300 3
239 301 1
239 405 3
239 475 2
240 171 5
240 313 4
240 736 5
240 749 3
240 751 3
240 70 3
240 86 2
240 198 1
240 242 1
240 243 2
240 271 3
240 272 3
240 283 1
240 300 4
240 310 1
240 312 1
240 319 1
240 323 3
240 328 4
240 329 3
240 340 2
240 350 2
240 512 1
240 515 1
240 582 1
240 690 1
240 750 1
240 886 2
240 904 1
240 921 2
240 937 1
240 971 1
240 988 2
241 7 4
241 117 4
241 259 3
241 294 4
241 683 2
241 1 4
241 9 3
241 15 3
241 25 3
241 121 3
241 288 3
241 313 3
241 342 1
241 405 3
241 751 1
242 14 1
242 29 3
242 67 3
242 98 4
242 576 2
242 7 4
242 11 3
242 12 4
242 17 1
242 22 4
242 26 2
242 27 1
242 31 1
242 33 1
242 38 1
242 39 1
242 41 1
242 42 1
242 44 2
242 53 1
242 54 1
242 55 1
242 56 4
242 62 1
242 64 5
242 68 1
242 79 4
242 82 4
242 100 4
242 117 3
242 129 2
242 144 1
242 150 1
242 154 1
242 156 2
242 159 2
242 161 3
242 168 4
242 174 4
242 176 4
242 177 1
242 182 3
242 184 1
242 186 3
242 195 4
242 203 2
242 204 4
242 209 4
242 210 4
242 217 1
242 219 1
242 226 1
242 228 3
242 229 2
242 230 3
242 231 1
242 234 4
242 240 1
242 273 1
242 276 4
242 281 2
242 286 4
242 288 3
242 294 3
242 318 5
242 342 1
242 350 1
242 367 1
242 385 3
242 401 1
242 403 2
242 410 1
242 436 2
242 449 1
242 452 2
242 482 2
242 508 3
242 546 2
242 550 1
242 554 1
242 559 2
242 569 2
242 572 1
242 578 1
242 591 2
242 628 1
242 635 2
242 636 1
242 665 1
242 672 2
242 684 1
242 685 1
242 695 2
242 710 1
242 746 1
242 769 1
242 780 1
242 800 1
242 810 1
242 834 1
242 873 1
242 943 2
242 975 1
242 979 1
242 988 1
243 12 5
243 294 5
243 327 4
243 343 5
243 644 3
243 258 3
243 271 1
243 286 3
243 309 1
243 313 4
243 323 2
243 340 1
243 358 1
243 678 2
243 687 1
244 251 5
244 275 4
244 751 4
244 906 4
244 912 4
244 9 1
244 50 4
244 100 4
244 245 1
244 258 3
244 271 1
244 300 2
244 313 3
244 515 1
244 678 1
244 748 1
244 916 1
245 23 3
245 100 2
245 237 2
245 293 3
245 410 1
245 7 4
245 9 4
245 12 4
245 28 2
245 50 4
245 55 2
245 64 5
245 79 4
245 87 2
245 117 4
245 118 3
245 121 3
245 123 1
245 127 4
245 144 2
245 147 3
245 150 3
245 174 4
245 181 4
245 195 4
245 203 2
245 204 4
245 208 1
245 209 4
245 221 1
245 235 2
245 245 2
245 246 2
245 248 2
245 268 4
245 273 4
245 276 4
245 291 1
245 295 3
245 302 4
245 310 1
245 313 4
245 324 2
245 325 2
245 330 1
245 333 1
245 340 4
245 346 4
245 405 3
245 408 1
245 460 2
245 475 4
245 479 1
245 480 2
245 504 3
245 544 3
245 591 1
245 595 1
245 597 3
245 603 3
245 628 2
245 644 4
245 689 1
245 742 3
245 744 2
245 748 2
245 752 3
245 762 2
245 763 1
245 818 2
245 823 2
245 829 1
245 831 1
245 840 1
245 844 3
245 845 2
245 871 2
245 881 1
245 886 2
245 895 3
245 908 1
245 919 1
245 959 2
245 979 2
246 301 3
246 327 2
246 334 3
246 359 3
246 690 2
246 268 1
246 269 1
246 270 1
246 286 3
246 288 3
246 292 1
246 294 3
246 302 2
246 303 1
246 306 1
246 311 1
246 326 1
246 328 3
246 332 1
246 688 1
246 748 1
246 754 1
246 880 1
246 883 1
246 887 1
246 888 1
247 11 4
247 91 4
247 121 5
247 133 4
247 469 4
247 1 4
247 5 1
247 7 3
247 9 3
247 17 1
247 27 1
247 28 2
247 31 1
247 55 1
247 56 4
247 65 1
247 68 1
247 69 4
247 70 3
247 85 1
247 89 4
247 96 4
247 98 4
247 100 4
247 111 4
247 117 4
247 123 1
247 135 1
247 144 3
247 147 2
247 148 1
247 150 1
247 151 3
247 153 3
247 156 1
247 157 1
247 158 2
247 174 4
247 176 4
247 180 1
247 183 4
247 204 4
247 206 1
247 209 2
247 218 1
247 222 4
247 227 1
247 231 1
247 233 1
247 234 3
247 248 1
247 252 1
247 258 4
247 260 1
247 281 1
247 284 2
247 286 3
247 288 3
247 290 1
247 293 1
247 298 1
247 300 4
247 367 2
247 405 4
247 410 2
247 435 1
247 447 1
247 470 1
247 483 3
247 484 1
247 498 1
247 544 1
247 546 3
247 559 1
247 582 1
247 591 1
247 597 3
247 629 1
247 642 1
247 678 1
247 742 4
247 748 2
247 760 1
247 815 1
247 823 1
247 845 1
247 866 2
247 879 1
247 926 2
247 963 1
247 981 1
248 286 2
248 319 5
248 340 4
248 896 5
248 900 3
248 262 1
248 268 3
248 269 3
248 271 1
248 292 1
248 301 3
248 303 1
248 304 1
248 305 1
248 307 1
248 316 1
248 321 2
248 327 1
248 333 2
248 338 1
248 344 1
248 345 1
248 360 2
248 750 1
248 884 1
248 887 1
248 902 2
249 224 4
249 269 5
249 291 2
249 473 3
249 748 2
249 9 2
249 15 1
249 59 1
249 60 1
249 61 1
249 100 4
249 105 1
249 117 2
249 118 1
249 122 1
249 127 3
249 137 1
249 170 1
249 171 1
249 179 1
249 212 1
249 244 1
249 248 1
249 251 1
249 273 1
249 276 2
249 282 1
249 285 1
249 286 3
249 288 2
249 293 1
249 310 1
249 337 1
249 381 1
249 410 1
249 459 1
249 546 1
249 558 1
249 702 1
249 742 1
249 753 1
249 763 1
249 936 5
249 971 3
249 983 1
250 90 4
250 402 4
250 451 4
250 705 4
250 951 4
250 1 1
250 2 1
250 3 1
250 4 1
250 7 1
250 10 1
250 12 1
250 13 1
250 15 1
250 26 1
250 28 1
250 29 1
250 35 1
250 38 1
250 39 1
250 49 1
250 51 1
250 54 1
250 56 1
250 58 1
250 60 1
250 64 1
250 65 1
250 66 1
250 67 1
250 70 1
250 71 1
250 73 1
250 77 1
250 79 2
250 80 1
250 81 1
250 82 1
250 83 1
250 86 1
250 87 1
250 88 1
250 89 1
250 92 1
250 94 1
250 95 1
250 97 1
250 98 1
250 99 1
250 100 2
250 101 1
250 110 1
250 112 3
250 114 1
250 117 1
250 121 1
250 123 1
250 125 1
250 126 1
250 127 1
250 131 1
250 132 1
250 133 1
250 134 1
250 135 1
250 136 1
250 139 1
250 141 1
250 142 1
250 143 1
250 144 1
250 145 1
250 152 1
250 153 1
250 154 1
250 155 1
250 157 1
250 158 1
250 161 1
250 162 1
250 163 1
250 164 1
250 166 1
250 167 1
250 168 1
250 169 1
250 173 1
250 174 2
250 176 1
250 177 1
250 179 1
250 180 1
250 182 1
250 183 1
250 185 1
250 187 1
250 191 2
250 192 1
250 193 1
250 194 1
250 195 1
250 196 1
250 197 1
250 199 1
250 200 1
250 202 1
250 203 1
250 204 2
250 205 1
250 207 1
250 208 1
250 210 2
250 211 1
250 215 1
250 216 2
250 218 1
250 222 1
250 223 1
250 225 1
250 226 1
250 227 1
250 229 1
250 231 1
250 233 1
250 237 1
250 238 1
250 239 1
250 241 1
250 245 1
250 252 1
250 254 1
250 258 2
250 264 3
250 265 1
250 269 1
250 270 1
250 272 3
250 274 1
250 275 1
250 277 1
250 278 2
250 280 1
250 281 1
250 282 1
250 283 1
250 287 1
250 288 1
250 290 1
250 292 1
250 294 1
250 299 1
250 300 1
250 301 2
250 302 1
250 304 1
250 305 1
250 310 3
250 311 2
250 312 1
250 313 1
250 315 1
250 316 1
250 328 1
250 332 1
250 340 1
250 354 1
250 357 1
250 367 1
250 371 1
250 373 2
250 378 1
250 380 1
250 381 1
250 382 1
250 383 1
250 384 1
250 385 1
250 387 1
250 393 1
250 395 1
250 396 1
250 400 1
250 401 1
250 414 1
250 416 1
250 417 1
250 418 1
250 419 1
250 421 1
250 422 1
250 427 1
250 428 1
250 430 1
250 431 1
250 432 1
250 433 1
250 434 1
250 435 1
250 443 1
250 448 1
250 455 1
250 462 1
250 465 1
250 467 1
250 468 1
250 469 1
250 470 1
250 471 1
250 472 1
250 474 1
250 476 1
250 477 1
250 478 1
250 479 1
250 480 1
250 481 1
250 482 1
250 483 1
250 484 1
250 487 1
250 488 1
250 490 1
250 491 1
250 493 3
250 494 1
250 495 1
250 496 1
250 497 1
250 499 1
250 500 1
250 502 1
250 503 1
250 505 1
250 506 1
250 507 1
250 509 1
250 510 1
250 511 1
250 514 1
250 518 1
250 520 1
250 523 1
250 525 1
250 526 1
250 527 1
250 528 1
250 530 1
250 535 1
250 549 1
250 550 1
250 553 1
250 557 1
250 558 1
250 559 1
250 561 1
250 566 1
250 568 1
250 570 1
250 582 1
250 583 1
250 589 1
250 591 1
250 602 1
250 604 3
250 606 1
250 607 1
250 608 2
250 609 1
250 610 1
250 611 1
250 612 1
250 613 1
250 614 1
250 618 3
250 620 1
250 622 1
250 629 1
250 630 1
250 631 1
250 632 2
250 633 1
250 637 1
250 642 1
250 647 1
250 648 1
250 650 1
250 651 1
250 655 1
250 657 1
250 659 1
250 660 1
250 661 2
250 663 1
250 673 1
250 679 1
250 685 1
250 686 1
250 689 2
250 692 1
250 693 1
250 700 1
250 704 1
250 707 1
250 708 1
250 709 1
250 710 1
250 712 1
250 714 1
250 715 1
250 716 1
250 717 1
250 723 1
250 727 1
250 728 1
250 729 1
250 731 1
250 735 1
250 736 1
250 739 1
250 742 1
250 747 1
250 748 1
250 751 2
250 761 1
250 762 1
250 765 1
250 771 1
250 774 1
250 775 1
250 778 1
250 783 1
250 785 1
250 790 1
250 792 1
250 794 1
250 801 1
250 807 1
250 815 1
250 821 1
250 823 2
250 832 2
250 837 1
250 842 2
250 845 1
250 846 1
250 847 1
250 865 1
250 869 1
250 873 1
250 878 1
250 900 1
250 902 2
250 904 3
250 905 2
250 908 1
250 921 1
250 923 1
250 926 1
250 928 1
250 934 1
250 936 1
250 939 1
250 940 2
250 942 1
250 956 1
250 965 1
250 966 1
250 967 1
250 969 1
251 262 1
251 289 1
251 305 3
251 319 2
251 682 4
251 242 1
251 243 1
251 259 1
251 260 1
251 263 1
251 264 1
251 268 3
251 269 1
251 270 2
251 286 2
251 288 3
251 292 1
251 294 3
251 299 1
251 300 3
251 301 1
251 303 1
251 307 1
251 308 1
251 322 1
251 323 1
251 325 1
251 327 1
251 328 2
251 329 1
251 330 1
251 331 1
251 332 1
251 333 1
251 336 1
251 337 1
251 359 1
251 360 1
251 457 1
251 680 1
251 681 1
251 683 1
251 687 1
251 688 1
251 690 1
251 749 1
251 872 1
251 874 1
251 875 1
251 877 1
251 879 1
251 880 2
251 881 1
251 882 1
251 883 1
251 884 1
251 937 3
251 938 1
251 984 2
251 989 1
251 991 1
251 995 2
252 73 3
252 168 4
252 171 4
252 432 2
252 492 4
252 7 4
252 8 2
252 14 1
252 22 1
252 25 3
252 27 1
252 45 1
252 48 1
252 52 1
252 58 1
252 60 1
252 61 1
252 62 1
252 64 4
252 66 1
252 69 4
252 70 3
252 79 4
252 86 1
252 88 1
252 89 4
252 96 4
252 97 2
252 99 1
252 111 1
252 121 4
252 124 1
252 127 3
252 132 3
252 134 1
252 135 4
252 136 1
252 143 2
252 152 1
252 154 2
252 156 1
252 161 2
252 162 1
252 163 1
252 170 1
252 173 4
252 174 4
252 180 1
252 181 4
252 183 3
252 185 3
252 186 2
252 187 1
252 188 1
252 191 3
252 194 3
252 195 4
252 197 1
252 201 1
252 202 3
252 203 1
252 204 3
252 207 1
252 211 2
252 212 1
252 216 3
252 234 1
252 237 1
252 243 1
252 245 1
252 259 1
252 269 1
252 276 1
252 286 3
252 294 1
252 318 2
252 371 1
252 384 1
252 404 1
252 418 1
252 419 1
252 420 2
252 423 2
252 427 1
252 430 1
252 435 1
252 443 1
252 455 1
252 458 2
252 461 1
252 462 1
252 465 1
252 467 1
252 472 1
252 479 1
252 482 1
252 483 2
252 485 1
252 488 1
252 490 1
252 491 1
252 494 1
252 495 1
252 496 1
252 498 1
252 502 1
252 506 1
252 509 1
252 510 1
252 513 1
252 517 1
252 518 2
252 521 1
252 523 1
252 526 1
252 530 1
252 531 1
252 554 1
252 576 1
252 588 2
252 597 1
252 603 1
252 609 1
252 614 1
252 615 1
252 624 2
252 631 1
252 636 2
252 641 4
252 648 1
252 654 1
252 659 1
252 660 1
252 684 1
252 729 1
252 736 1
252 780 1
252 781 1
252 792 3
252 805 1
252 815 1
252 856 4
252 863 1
252 874 5
252 924 1
252 947 1
252 969 1
252 971 1
253 254 2
253 384 2
253 508 4
253 509 4
253 628 3
253 3 1
253 4 1
253 7 4
253 9 3
253 11 1
253 12 1
253 17 1
253 22 1
253 24 1
253 33 1
253 42 1
253 48 1
253 49 1
253 50 4
253 53 1
253 59 1
253 68 1
253 69 2
253 73 1
253 77 1
253 79 3
253 80 1
253 93 1
253 94 1
253 97 1
253 98 4
253 100 5
253 117 3
253 122 1
253 125 1
253 132 1
253 143 1
253 154 1
253 156 1
253 157 1
253 158 1
253 164 1
253 168 2
253 172 1
253 174 3
253 181 3
253 184 1
253 186 1
253 188 1
253 196 1
253 204 1
253 210 2
253 214 1
253 223 1
253 231 1
253 233 1
253 234 1
253 238 1
253 239 1
253 246 1
253 248 1
253 258 3
253 268 1
253 276 1
253 288 1
253 298 1
253 318 1
253 354 1
253 356 1
253 357 1
253 364 1
253 367 1
253 369 1
253 385 1
253 393 1
253 401 1
253 402 1
253 410 1
253 412 1
253 416 1
253 421 1
253 423 1
253 424 1
253 427 1
253 456 1
253 471 1
253 475 2
253 476 1
253 496 1
253 515 1
253 550 1
253 552 1
253 566 1
253 568 1
253 578 1
253 586 1
253 591 1
253 651 1
253 655 1
253 684 1
253 693 1
253 697 1
253 717 1
253 721 1
253 742 2
253 871 1
253 959 1
253 963 1
253 975 1
254 133 4
254 134 3
254 245 3
254 248 3
254 724 3
254 1 2
254 11 1
254 12 1
254 15 1
254 22 1
254 28 1
254 50 4
254 51 1
254 55 1
254 56 4
254 58 1
254 66 1
254 69 2
254 70 2
254 73 1
254 76 1
254 77 1
254 79 3
254 82 1
254 87 1
254 88 1
254 89 1
254 96 1
254 97 1
254 98 4
254 99 1
254 100 4
254 107 1
254 114 1
254 117 2
254 118 1
254 121 2
254 124 1
254 131 1
254 136 1
254 143 1
254 144 1
254 153 1
254 161 1
254 162 1
254 164 1
254 169 1
254 172 1
254 173 1
254 174 4
254 181 4
254 182 1
254 185 1
254 191 3
254 193 1
254 194 2
254 195 3
254 196 1
254 197 1
254 199 1
254 202 1
254 203 1
254 204 3
254 210 1
254 211 1
254 215 1
254 222 2
254 228 1
254 234 2
254 237 3
254 250 1
254 255 1
254 257 1
254 258 4
254 259 1
254 260 1
254 270 1
254 272 1
254 277 1
254 279 1
254 286 3
254 289 1
254 293 1
254 300 3
254 310 1
254 315 1
254 316 1
254 317 1
254 318 1
254 322 1
254 323 1
254 326 1
254 356 1
254 357 1
254 378 1
254 385 1
254 392 1
254 404 1
254 414 2
254 418 1
254 419 1
254 423 1
254 427 1
254 431 1
254 434 1
254 435 1
254 451 1
254 454 1
254 465 1
254 468 1
254 474 1
254 478 1
254 479 1
254 482 1
254 483 2
254 484 1
254 485 1
254 487 2
254 490 1
254 492 4
254 493 3
254 496 1
254 497 4
254 507 2
254 509 1
254 519 1
254 520 1
254 526 1
254 528 2
254 531 1
254 566 1
254 568 1
254 603 1
254 605 1
254 607 1
254 610 3
254 612 5
254 614 1
254 627 1
254 631 1
254 633 1
254 642 1
254 649 1
254 651 1
254 654 1
254 655 1
254 657 1
254 659 1
254 660 1
254 661 1
254 678 1
254 685 1
254 686 1
254 692 1
254 693 1
254 694 2
254 705 1
254 707 1
254 735 1
254 736 1
254 740 2
254 742 1
254 746 1
254 836 4
254 837 1
254 842 2
254 873 1
254 875 1
254 879 1
254 939 1
254 945 2
254 956 4
254 961 3
254 968 1
255 40 3
255 241 4
255 288 2
255 301 2
255 423 5
255 1 4
255 2 1
255 4 1
255 7 4
255 8 1
255 9 4
255 12 2
255 14 1
255 17 1
255 20 1
255 24 1
255 25 4
255 31 1
255 39 1
255 42 1
255 44 1
255 47 1
255 53 1
255 56 4
255 57 1
255 58 1
255 64 4
255 65 1
255 69 4
255 70 3
255 71 2
255 87 1
255 89 4
255 95 1
255 96 4
255 97 4
255 98 4
255 100 4
255 118 3
255 123 2
255 125 3
255 126 1
255 127 4
255 135 3
255 148 1
255 161 3
255 170 1
255 173 4
255 174 5
255 176 4
255 191 4
255 196 4
255 197 1
255 204 4
255 214 1
255 217 1
255 222 4
255 223 1
255 228 2
255 234 4
255 237 4
255 245 1
255 252 1
255 255 1
255 257 2
255 265 3
255 270 1
255 275 1
255 276 2
255 277 2
255 279 2
255 281 1
255 282 1
255 289 2
255 291 1
255 292 1
255 293 1
255 298 1
255 300 3
255 304 1
255 307 1
255 313 4
255 317 1
255 318 4
255 321 2
255 323 1
255 334 1
255 343 1
255 380 1
255 382 1
255 393 1
255 402 3
255 405 4
255 428 1
255 447 1
255 455 1
255 462 1
255 465 1
255 471 3
255 475 2
255 504 1
255 508 3
255 511 1
255 515 1
255 518 1
255 529 1
255 531 1
255 549 1
255 582 1
255 584 1
255 591 1
255 597 3
255 627 1
255 628 1
255 629 1
255 647 2
255 660 1
255 678 1
255 692 2
255 694 1
255 709 1
255 724 1
255 727 1
255 738 1
255 747 1
255 755 1
255 778 1
255 898 4
255 934 1
255 939 1
256 9 3
256 71 3
256 121 2
256 200 4
256 616 3
256 1 3
256 3 2
256 4 1
256 12 4
256 13 2
256 22 4
256 23 1
256 32 1
256 42 2
256 46 1
256 50 4
256 53 1
256 54 1
256 57 1
256 60 1
256 61 1
256 68 2
256 69 4
256 79 4
256 80 1
256 86 1
256 91 1
256 92 1
256 95 2
256 97 3
256 99 1
256 100 4
256 101 1
256 111 3
256 125 4
256 127 4
256 133 1
256 135 4
256 143 3
256 161 4
256 168 4
256 170 1
256 172 4
256 174 4
256 175 2
256 177 1
256 179 1
256 180 2
256 181 4
256 182 3
256 185 4
256 186 1
256 187 1
256 188 1
256 194 3
256 196 3
256 197 2
256 202 3
256 208 1
256 210 4
256 211 1
256 216 4
256 218 1
256 222 4
256 226 1
256 228 3
256 231 1
256 232 1
256 234 4
256 238 2
256 268 1
256 273 1
256 274 3
256 282 2
256 286 4
256 294 3
256 325 1
256 346 1
256 357 4
256 366 1
256 369 1
256 380 1
256 403 2
256 410 2
256 414 1
256 419 1
256 421 1
256 423 4
256 427 1
256 431 1
256 432 2
256 433 2
256 443 2
256 447 1
256 448 2
256 449 1
256 452 2
256 460 1
256 461 2
256 462 1
256 474 1
256 475 3
256 479 1
256 484 1
256 490 1
256 498 1
256 505 1
256 506 1
256 508 3
256 523 1
256 546 3
256 559 1
256 568 3
256 578 1
256 581 4
256 582 1
256 603 1
256 608 1
256 640 1
256 655 3
256 658 1
256 660 1
256 662 1
256 672 2
256 673 1
256 693 1
256 696 1
256 708 1
256 710 1
256 715 2
256 720 1
256 721 2
256 737 2
256 743 2
256 763 1
256 789 2
256 806 1
256 818 1
256 845 1
256 864 1
256 919 1
256 922 1
256 933 1
256 943 4
256 955 2
256 959 2
256 963 1
256 979 2
256 985 2
257 83 5
257 132 5
257 195 5
257 366 4
257 756 2
257 4 3
257 7 4
257 8 4
257 9 4
257 11 4
257 12 4
257 14 1
257 15 4
257 20 4
257 22 4
257 27 3
257 31 1
257 38 1
257 44 3
257 45 3
257 48 2
257 50 4
257 51 2
257 52 3
257 53 1
257 54 1
257 56 4
257 57 5
257 58 1
257 59 3
257 62 3
257 64 5
257 65 4
257 66 1
257 70 4
257 77 1
257 79 4
257 82 4
257 86 2
257 89 4
257 91 2
257 94 1
257 96 4
257 97 3
257 100 4
257 105 2
257 111 2
257 114 1
257 117 4
257 118 3
257 122 1
257 127 4
257 134 4
257 137 1
257 143 4
257 144 4
257 148 2
257 151 3
257 155 1
257 156 1
257 157 2
257 161 4
257 162 1
257 164 1
257 168 4
257 172 4
257 173 4
257 174 5
257 176 4
257 180 2
257 181 4
257 182 4
257 183 4
257 185 4
257 186 4
257 190 2
257 191 4
257 192 1
257 193 2
257 194 4
257 196 4
257 197 4
257 200 1
257 203 3
257 204 4
257 209 4
257 214 3
257 215 4
257 216 4
257 218 1
257 219 1
257 223 1
257 226 2
257 228 4
257 229 3
257 230 4
257 231 1
257 232 2
257 234 4
257 235 2
257 237 4
257 239 2
257 240 1
257 241 3
257 243 1
257 248 1
257 257 1
257 258 4
257 265 4
257 282 1
257 285 1
257 288 2
257 304 1
257 318 5
257 357 4
257 370 1
257 372 1
257 373 3
257 378 4
257 380 4
257 385 4
257 393 2
257 395 2
257 401 1
257 402 1
257 403 4
257 405 3
257 410 1
257 411 2
257 412 1
257 417 1
257 425 3
257 428 1
257 436 1
257 443 2
257 448 2
257 450 1
257 452 2
257 453 1
257 455 1
257 456 1
257 458 1
257 462 1
257 469 4
257 470 2
257 471 1
257 472 1
257 473 1
257 474 3
257 476 1
257 483 4
257 500 4
257 507 2
257 509 3
257 527 4
257 529 1
257 531 2
257 540 1
257 546 3
257 549 3
257 553 1
257 554 2
257 559 1
257 566 2
257 568 4
257 582 2
257 584 3
257 588 3
257 597 2
257 623 1
257 628 1
257 629 1
257 631 3
257 632 3
257 636 2
257 640 2
257 651 3
257 655 4
257 658 2
257 664 4
257 673 1
257 679 2
257 692 3
257 699 2
257 704 1
257 708 3
257 709 2
257 717 1
257 720 2
257 722 1
257 727 1
257 729 1
257 732 2
257 739 1
257 742 1
257 744 1
257 747 2
257 755 2
257 758 1
257 769 1
257 770 1
257 775 1
257 783 1
257 792 2
257 819 1
257 825 1
257 841 2
257 845 1
257 871 1
257 931 1
257 934 1
257 948 2
257 949 2
257 959 3
257 980 2
258 13 4
258 181 2
258 283 5
258 330 3
258 597 3
258 8 1
258 9 2
258 12 1
258 14 1
258 20 1
258 23 1
258 25 3
258 28 1
258 32 1
258 48 1
258 50 5
258 57 1
258 58 1
258 86 1
258 96 3
258 98 4
258 117 4
258 121 3
258 124 1
258 126 1
258 127 5
258 129 1
258 134 1
258 143 1
258 144 3
258 147 1
258 152 1
258 169 1
258 174 4
258 178 1
258 179 1
258 180 1
258 182 2
258 183 3
258 187 1
258 189 1
258 190 1
258 191 1
258 192 1
258 193 1
258 195 4
258 203 1
258 208 1
258 209 2
258 234 2
258 237 4
258 238 2
258 245 1
258 250 2
258 255 1
258 273 2
258 278 1
258 282 2
258 284 1
258 285 1
258 286 2
258 287 1
258 288 3
258 289 1
258 293 1
258 298 1
258 301 1
258 304 1
258 307 1
258 317 1
258 318 2
258 319 1
258 321 1
258 333 1
258 346 1
258 357 1
258 387 1
258 405 3
258 408 1
258 410 1
258 423 1
258 425 1
258 427 1
258 430 1
258 461 1
258 467 1
258 469 1
258 473 1
258 474 1
258 496 1
258 509 1
258 514 1
258 517 1
258 521 1
258 526 1
258 529 1
258 530 1
258 546 2
258 582 1
258 588 1
258 589 1
258 591 1
258 596 1
258 603 1
258 632 1
258 644 1
258 648 1
258 651 1
258 654 1
258 663 1
258 685 1
258 694 1
258 696 1
258 704 1
258 709 1
258 717 1
258 736 1
258 742 3
258 744 1
258 750 1
258 753 3
258 792 1
258 844 1
258 847 1
258 896 3
258 925 1
258 939 1
258 952 1
258 956 1
258 980 3
259 134 3
259 252 4
259 336 2
259 546 1
259 832 3
259 1 3
259 3 1
259 7 1
259 8 1
259 15 1
259 16 1
259 19 3
259 22 1
259 25 1
259 79 3
259 100 4
259 108 1
259 111 1
259 117 1
259 120 1
259 121 3
259 123 1
259 147 1
259 148 1
259 164 1
259 172 1
259 174 4
259 181 4
259 194 1
259 216 3
259 220 1
259 222 1
259 225 1
259 230 1
259 245 1
259 249 1
259 250 1
259 255 1
259 258 3
259 260 1
259 264 1
259 274 1
259 278 1
259 282 1
259 286 1
259 289 1
259 291 1
259 295 1
259 300 1
259 301 1
259 322 1
259 323 1
259 328 1
259 332 1
259 333 1
259 357 1
259 358 1
259 411 1
259 472 1
259 473 1
259 523 1
259 568 2
259 596 1
259 597 1
259 651 1
259 676 1
259 678 1
259 685 1
259 687 2
259 742 1
259 748 1
259 815 1
259 825 1
259 827 1
259 846 1
259 864 1
259 866 1
259 873 1
259 879 1
259 934 1
259 969 1
259 978 1
259 989 1
259 993 1
260 221 4
260 248 4
260 302 4
260 313 4
260 327 4
260 1 4
260 7 4
260 10 1
260 14 1
260 20 1
260 117 3
260 127 4
260 129 1
260 146 3
260 149 1
260 224 1
260 242 2
260 250 1
260 253 1
260 257 3
260 258 4
260 273 2
260 275 1
260 276 4
260 279 4
260 285 3
260 286 3
260 289 3
260 293 1
260 294 3
260 297 1
260 301 3
260 303 1
260 307 3
260 311 1
260 322 2
260 458 1
260 515 1
260 532 1
260 591 3
260 676 1
260 713 3
260 744 1
260 847 1
261 158 2
261 259 2
261 269 3
261 347 4
261 682 1
261 9 1
261 50 1
261 121 1
261 242 1
261 255 1
261 285 1
261 302 1
261 304 1
261 313 2
261 319 1
261 321 1
262 22 5
262 136 4
262 321 5
262 358 1
262 682 5
262 11 1
262 100 4
262 237 4
262 259 1
262 271 1
262 272 1
262 288 3
262 289 1
262 292 1
262 300 3
262 310 1
262 313 2
262 315 1
262 323 1
262 330 2
262 332 1
262 678 1
262 866 1
262 895 1
263 10 1
263 127 5
263 248 3
263 282 3
263 596 3
263 3 1
263 7 4
263 13 3
263 14 3
263 15 4
263 20 1
263 21 1
263 24 3
263 50 4
263 93 2
263 100 4
263 103 1
263 107 3
263 112 1
263 116 1
263 117 4
263 121 3
263 124 3
263 126 2
263 137 3
263 147 2
263 149 3
263 150 1
263 151 4
263 221 3
263 224 1
263 225 1
263 235 2
263 242 2
263 243 1
263 244 1
263 249 3
263 250 1
263 253 1
263 257 3
263 258 4
263 268 3
263 270 3
263 274 3
263 283 2
263 284 2
263 285 3
263 288 3
263 301 1
263 304 3
263 306 1
263 310 2
263 311 2
263 319 1
263 347 2
263 362 4
263 410 2
263 455 1
263 472 1
263 473 1
263 475 3
263 477 1
263 508 3
263 544 1
263 593 5
263 597 3
263 689 2
263 741 1
263 744 2
263 751 1
263 813 1
263 819 2
263 845 1
263 864 1
263 870 2
263 880 2
263 887 2
263 926 1
263 930 1
263 950 2
263 952 1
263 988 2
263 993 1
264 194 5
264 293 5
264 301 4
264 358 3
264 748 4
264 16 2
264 116 1
264 176 2
264 181 4
264 248 1
264 258 4
264 260 1
264 264 1
264 269 4
264 286 4
264 289 1
264 294 3
264 298 1
264 300 4
264 302 3
264 321 1
264 322 1
264 326 1
264 328 2
264 333 1
264 482 1
264 603 1
264 678 1
264 705 1
264 709 1
264 879 1
264 984 1
265 28 3
265 109 3
265 423 3
265 656 3
265 705 4
265 1 4
265 7 2
265 8 1
265 12 1
265 22 2
265 32 1
265 50 5
265 56 3
265 64 4
265 87 1
265 97 3
265 100 3
265 114 2
265 132 1
265 134 1
265 136 1
265 143 1
265 154 1
265 169 1
265 172 3
265 174 4
265 175 1
265 179 1
265 180 1
265 181 4
265 190 1
265 191 4
265 194 2
265 198 1
265 199 1
265 202 3
265 216 4
265 257 1
265 258 2
265 283 1
265 286 1
265 300 1
265 318 3
265 319 1
265 395 2
265 404 1
265 428 1
265 474 1
265 475 1
265 477 1
265 478 1
265 481 1
265 496 1
265 511 1
265 525 1
265 529 1
265 584 1
265 588 1
265 603 1
265 615 3
265 638 3
265 651 1
265 855 3
266 128 2
266 181 4
266 357 4
266 902 5
266 995 5
266 2 2
266 11 4
266 22 4
266 24 2
266 27 2
266 50 5
266 55 1
266 56 4
266 62 1
266 68 1
266 79 4
266 82 4
266 87 3
266 89 4
266 95 1
266 96 5
266 98 4
266 117 3
266 127 4
266 144 4
266 172 5
266 174 4
266 176 4
266 182 4
266 183 4
266 184 1
266 187 4
266 188 1
266 210 4
266 231 1
266 232 2
266 258 4
266 265 4
266 268 3
266 269 3
266 273 3
266 288 3
266 292 1
266 294 3
266 302 4
266 306 1
266 308 2
266 313 4
266 315 1
266 321 2
266 324 1
266 326 1
266 327 1
266 328 3
266 331 2
266 333 2
266 334 1
266 344 2
266 346 1
266 349 1
266 350 2
266 354 1
266 385 3
266 405 3
266 455 1
266 518 1
266 546 3
266 550 1
266 566 1
266 568 4
266 651 4
266 682 2
266 748 3
266 873 1
266 882 1
266 885 1
266 898 1
266 908 1
267 7 5
267 100 5
267 269 4
267 276 5
267 327 4
267 1 4
267 10 1
267 24 3
267 50 4
267 93 1
267 108 1
267 109 2
267 117 4
267 124 4
267 150 3
267 240 2
267 246 1
267 248 1
267 249 2
267 257 4
267 264 1
267 268 3
267 273 4
267 288 3
267 298 3
267 340 3
267 455 1
267 475 4
267 742 3
267 762 2
267 919 1
268 157 4
268 192 4
268 246 5
268 293 5
268 662 4
268 1 4
268 4 1
268 7 3
268 8 1
268 12 1
268 13 1
268 15 1
268 19 1
268 22 1
268 23 1
268 25 1
268 31 3
268 39 1
268 42 1
268 47 1
268 51 1
268 56 4
268 58 1
268 69 1
268 70 1
268 71 1
268 95 1
268 96 1
268 97 1
268 98 4
268 100 4
268 111 1
268 116 1
268 118 1
268 121 2
268 126 1
268 132 1
268 137 2
268 144 1
268 150 2
268 153 1
268 159 1
268 160 4
268 170 1
268 172 1
268 173 1
268 178 2
268 180 1
268 181 3
268 182 1
268 191 1
268 195 1
268 200 1
268 209 1
268 214 1
268 216 3
268 222 1
268 238 1
268 249 2
268 251 1
268 257 1
268 258 3
268 273 2
268 275 1
268 283 1
268 285 1
268 294 2
268 297 1
268 318 1
268 321 1
268 357 1
268 367 1
268 372 1
268 377 1
268 405 2
268 411 1
268 423 1
268 427 1
268 428 1
268 435 1
268 461 1
268 462 1
268 469 1
268 471 1
268 475 2
268 498 1
268 507 1
268 529 1
268 544 1
268 582 1
268 603 1
268 612 1
268 642 1
268 655 1
268 692 1
268 699 1
268 724 1
268 742 1
268 826 1
268 856 1
268 926 1
268 952 1
269 199 4
269 215 4
269 530 5
269 656 5
269 923 5
269 10 1
269 64 5
269 65 1
269 127 1
269 134 1
269 136 1
269 153 2
269 173 3
269 194 2
269 286 2
269 306 1
269 474 1
269 483 1
269 484 1
269 490 1
269 495 1
269 499 1
269 507 1
269 511 1
269 513 1
269 520 1
269 582 1
269 605 1
269 610 1
269 611 1
269 641 1
269 654 1
269 705 1
269 855 1
270 1 3
270 7 3
270 181 4
270 268 2
270 824 4
270 9 4
270 13 3
270 19 3
270 50 4
270 93 1
270 100 4
270 118 3
270 125 3
270 137 2
270 150 3
270 221 1
270 235 3
270 246 3
270 248 1
270 257 4
270 258 4
270 276 4
270 283 2
270 284 2
270 285 1
270 286 3
270 288 3
270 293 2
270 294 3
270 295 3
270 360 1
270 458 1
270 471 4
270 475 3
270 508 3
270 544 1
270 546 3
270 813 2
270 847 2
270 919 1
270 950 1
270 952 1
271 8 5
271 94 5
271 95 4
271 418 3
271 501 3
271 1 3
271 50 3
271 99 1
271 102 1
271 140 1
271 151 1
271 225 1
271 404 1
271 422 1
271 465 1
271 477 1
271 588 1
271 596 1
271 768 1
271 878 1
271 932 2
271 969 1
272 121 5
272 609 5
272 689 4
272 746 5
272 946 2
272 1 4
272 2 1
272 3 1
272 4 1
272 7 4
272 11 2
272 12 1
272 21 1
272 24 1
272 27 1
272 28 1
272 29 1
272 33 1
272 38 1
272 41 1
272 43 1
272 49 1
272 51 1
272 56 4
272 63 1
272 64 4
272 66 1
272 68 1
272 69 3
272 71 2
272 72 1
272 73 1
272 78 2
272 79 4
272 80 1
272 82 3
272 88 1
272 90 1
272 94 1
272 97 3
272 99 1
272 101 1
272 109 1
272 117 4
272 118 3
272 120 1
272 122 1
272 123 1
272 132 1
272 135 1
272 141 2
272 151 3
272 161 2
272 168 4
272 172 2
272 173 3
272 174 5
272 175 1
272 177 1
272 181 4
272 183 2
272 185 1
272 186 1
272 193 1
272 195 4
272 196 3
272 204 3
272 210 4
272 215 1
272 217 1
272 218 1
272 226 1
272 228 2
272 229 1
272 232 1
272 233 1
272 234 2
272 239 1
272 240 1
272 250 1
272 254 1
272 255 1
272 258 4
272 260 1
272 271 1
272 288 3
272 313 3
272 318 2
272 323 1
272 343 1
272 355 1
272 358 1
272 362 1
272 365 2
272 368 1
272 370 3
272 373 3
272 374 1
272 375 1
272 378 1
272 380 1
272 384 1
272 386 1
272 391 1
272 392 1
272 393 1
272 395 2
272 400 1
272 401 1
272 404 1
272 411 3
272 416 1
272 417 1
272 418 1
272 431 1
272 443 1
272 449 1
272 455 1
272 465 1
272 473 1
272 475 1
272 477 1
272 485 1
272 496 1
272 501 1
272 540 1
272 541 1
272 546 3
272 548 3
272 550 1
272 552 2
272 559 1
272 561 1
272 562 1
272 567 1
272 568 3
272 569 1
272 576 1
272 577 2
272 578 1
272 584 1
272 588 1
272 597 3
272 625 1
272 633 1
272 655 1
272 658 1
272 665 1
272 672 1
272 682 1
272 685 1
272 715 1
272 720 1
272 739 1
272 742 4
272 743 1
272 747 2
272 748 3
272 751 1
272 755 1
272 756 1
272 758 1
272 760 1
272 763 1
272 768 1
272 771 1
272 780 1
272 790 2
272 796 1
272 810 1
272 826 2
272 834 1
272 877 1
272 890 1
272 895 1
272 924 2
272 928 1
272 930 1
272 931 1
272 940 1
272 951 1
272 977 1
273 7 2
273 10 3
273 256 4
273 268 5
273 813 3
273 9 4
273 14 1
273 25 3
273 116 1
273 124 2
273 129 1
273 137 1
273 242 1
273 257 1
273 273 1
273 275 1
273 276 3
273 293 1
273 302 3
273 303 1
273 319 1
273 321 1
273 327 1
273 508 3
273 547 1
274 70 4
274 117 4
274 168 3
274 265 5
274 462 4
274 7 4
274 8 2
274 11 3
274 12 4
274 13 1
274 14 1
274 15 4
274 22 3
274 23 1
274 26 1
274 42 1
274 44 1
274 45 1
274 48 1
274 50 4
274 52 1
274 58 1
274 60 1
274 61 1
274 64 5
274 66 1
274 68 1
274 69 4
274 71 2
274 72 1
274 73 1
274 76 1
274 77 1
274 79 4
274 83 1
274 86 1
274 87 1
274 88 1
274 89 5
274 92 1
274 97 4
274 98 4
274 99 1
274 100 5
274 107 1
274 116 1
274 121 4
274 131 1
274 132 3
274 134 1
274 135 4
274 136 1
274 141 1
274 150 1
274 161 3
274 170 1
274 171 1
274 172 4
274 173 4
274 175 4
274 176 4
274 178 1
274 179 1
274 180 1
274 181 4
274 182 2
274 183 4
274 191 4
274 192 1
274 193 1
274 194 4
274 195 4
274 196 4
274 198 1
274 199 1
274 203 1
274 205 1
274 207 1
274 208 1
274 209 4
274 210 4
274 211 3
274 212 1
274 215 1
274 216 4
274 218 1
274 221 1
274 227 1
274 230 4
274 234 4
274 237 4
274 238 3
274 244 2
274 248 1
274 252 1
274 257 3
274 258 4
274 274 3
274 275 1
274 276 4
274 282 2
274 283 1
274 285 1
274 286 3
274 288 3
274 289 1
274 291 1
274 293 2
274 298 2
274 302 1
274 313 4
274 315 1
274 316 1
274 317 1
274 322 1
274 326 3
274 346 1
274 356 1
274 380 1
274 382 1
274 385 3
274 410 1
274 414 1
274 416 1
274 418 1
274 419 1
274 430 1
274 434 1
274 435 3
274 436 1
274 461 1
274 463 1
274 470 1
274 474 1
274 475 1
274 478 1
274 480 1
274 481 1
274 483 1
274 484 1
274 486 1
274 488 1
274 489 1
274 490 4
274 491 1
274 493 1
274 495 1
274 496 1
274 497 1
274 498 1
274 499 1
274 503 1
274 506 1
274 507 1
274 508 2
274 510 1
274 511 1
274 513 1
274 514 1
274 517 1
274 518 1
274 519 1
274 520 1
274 521 1
274 525 1
274 526 1
274 527 1
274 528 1
274 529 1
274 530 1
274 553 2
274 566 1
274 584 1
274 591 1
274 601 1
274 602 1
274 603 1
274 604 1
274 605 1
274 607 1
274 610 1
274 614 1
274 615 1
274 617 1
274 618 1
274 628 1
274 633 1
274 641 1
274 642 1
274 646 1
274 648 1
274 649 1
274 651 1
274 653 1
274 657 1
274 659 1
274 660 1
274 661 1
274 664 1
274 676 1
274 684 2
274 685 2
274 692 1
274 696 1
274 697 1
274 699 1
274 705 1
274 707 1
274 708 1
274 709 1
274 735 1
274 736 1
274 744 1
274 756 1
274 789 3
274 792 1
274 836 1
274 848 1
274 921 1
274 923 1
274 939 1
274 943 1
274 945 1
274 963 1
274 966 1
274 971 1
274 996 1
275 127 4
275 286 2
275 313 2
275 316 5
275 902 5
275 50 4
275 70 3
275 100 4
275 259 2
275 315 1
275 347 1
275 381 1
276 63 3
276 204 4
276 294 3
276 435 3
276 890 1
276 4 1
276 26 1
276 33 1
276 42 1
276 56 3
276 67 1
276 72 1
276 73 1
276 80 1
276 83 1
276 85 1
276 88 1
276 168 3
276 173 3
276 175 2
276 186 1
276 194 4
276 202 4
276 208 1
276 209 2
276 211 3
276 216 4
276 232 1
276 238 3
276 239 1
276 288 3
276 300 4
276 328 3
276 343 1
276 367 1
276 386 1
276 579 1
276 585 2
276 648 1
276 655 3
276 692 3
276 710 1
276 712 1
276 715 2
276 734 3
276 738 1
276 748 2
276 765 4
276 781 1
276 790 1
276 792 1
276 944 3
276 999 2
277 15 4
277 49 5
277 369 4
277 731 4
277 756 4
277 20 1
277 25 3
277 36 1
277 88 1
277 90 1
277 237 4
277 255 1
277 280 1
277 282 1
277 289 1
277 294 1
277 553 1
277 709 1
277 722 1
277 724 1
277 732 1
277 778 1
277 781 1
277 815 1
277 846 1
278 69 3
278 255 4
278 282 3
278 381 5
278 496 5
278 1 4
278 7 4
278 17 1
278 23 1
278 26 1
278 28 4
278 40 1
278 41 1
278 42 1
278 48 1
278 50 5
278 65 1
278 72 1
278 77 1
278 79 4
278 81 1
278 93 1
278 98 4
278 111 4
278 122 1
278 134 2
278 137 1
278 143 4
278 145 1
278 151 3
278 160 2
278 161 4
278 168 4
278 188 2
278 196 4
278 216 4
278 218 1
278 219 1
278 222 4
278 231 2
278 237 4
278 238 3
278 276 3
278 288 3
278 300 4
278 318 4
278 327 2
278 340 1
278 350 1
278 354 1
278 357 4
278 367 1
278 369 1
278 392 1
278 403 2
278 410 3
278 412 1
278 427 2
278 447 2
278 451 2
278 467 2
278 469 1
278 518 1
278 568 4
278 591 1
278 604 3
278 616 1
278 655 4
278 658 1
278 673 1
278 684 1
278 739 2
278 743 1
278 763 1
278 843 3
278 866 2
278 959 1
278 975 2
279 144 4
279 153 4
279 164 4
279 274 4
279 325 1
279 1 4
279 8 1
279 24 1
279 28 2
279 31 1
279 50 4
279 54 1
279 55 1
279 58 1
279 66 1
279 70 3
279 71 2
279 79 4
279 82 3
279 88 1
279 89 4
279 95 2
279 96 4
279 97 3
279 100 4
279 101 1
279 108 1
279 111 2
279 117 4
279 118 3
279 121 4
279 122 1
279 127 3
279 133 1
279 135 3
279 147 1
279 148 1
279 161 3
279 168 4
279 172 4
279 173 4
279 174 5
279 175 4
279 176 4
279 177 1
279 179 1
279 180 1
279 181 4
279 182 1
279 183 4
279 185 3
279 187 1
279 188 1
279 189 3
279 190 1
279 195 4
279 197 1
279 198 1
279 201 1
279 204 4
279 209 3
279 210 4
279 211 2
279 213 1
279 215 1
279 216 4
279 226 1
279 228 3
279 230 2
279 241 1
279 248 1
279 249 1
279 255 1
279 257 2
279 258 4
279 261 1
279 264 1
279 265 1
279 266 1
279 270 1
279 272 1
279 281 1
279 282 1
279 283 1
279 286 4
279 288 3
279 294 3
279 295 1
279 298 1
279 300 4
279 304 1
279 318 3
279 324 1
279 328 3
279 356 2
279 358 1
279 380 1
279 385 3
279 398 1
279 405 3
279 421 1
279 422 3
279 423 4
279 436 1
279 455 1
279 463 1
279 472 1
279 479 1
279 483 1
279 489 1
279 500 1
279 510 1
279 511 1
279 523 1
279 526 1
279 528 1
279 535 2
279 546 3
279 566 1
279 588 1
279 602 1
279 604 1
279 616 1
279 629 1
279 632 1
279 640 1
279 651 1
279 655 3
279 680 1
279 688 1
279 692 3
279 727 1
279 732 1
279 739 1
279 748 1
279 751 1
279 752 1
279 840 1
279 879 1
279 931 1
279 945 1
280 89 4
280 174 5
280 209 4
280 234 4
280 258 3
280 8 3
280 12 4
280 64 5
280 96 4
280 100 4
280 114 4
280 127 4
280 165 1
280 166 1
280 172 4
280 175 4
280 183 4
280 190 1
280 191 4
280 203 2
280 213 1
280 237 3
280 257 3
280 265 4
280 272 2
280 294 3
280 298 2
280 319 1
280 347 1
280 462 1
280 479 2
280 483 3
280 504 1
280 510 1
280 511 3
280 517 1
280 603 1
280 615 3
280 642 1
280 661 1
280 705 1
280 863 1
281 4 3
281 98 4
281 216 5
281 659 5
281 692 4
281 42 1
281 50 4
281 66 1
281 70 4
281 86 1
281 100 5
281 153 4
281 163 1
281 173 4
281 190 1
281 197 3
281 204 4
281 207 2
281 210 4
281 238 4
281 283 1
281 313 1
281 318 4
281 322 2
281 367 1
281 427 3
281 430 1
281 435 3
281 479 2
281 484 1
281 505 1
281 507 1
281 514 1
281 524 2
281 596 1
281 648 2
281 650 1
281 678 1
281 780 1
282 269 4
282 311 4
282 315 3
282 346 3
282 988 4
282 50 3
282 127 1
282 257 1
282 288 2
282 289 1
282 295 1
282 298 1
282 301 2
282 321 1
282 748 1
282 876 1
282 881 1
283 109 5
283 274 4
283 275 4
283 313 2
283 450 4
283 1 4
283 12 1
283 20 2
283 99 1
283 107 1
283 116 1
283 121 3
283 144 1
283 151 3
283 180 1
283 181 4
283 195 2
283 197 1
283 199 1
283 229 1
283 230 1
283 237 4
283 249 1
283 250 2
283 257 3
283 270 1
283 271 2
283 277 1
283 286 3
283 290 1
283 318 1
283 365 4
283 380 1
283 405 3
283 432 1
283 449 1
283 462 1
283 480 1
283 538 1
283 582 1
283 612 1
283 743 1
283 900 2
284 69 5
284 141 4
284 228 5
284 554 4
284 924 5
284 1 4
284 7 4
284 9 3
284 15 3
284 24 1
284 25 3
284 28 4
284 29 1
284 50 4
284 51 1
284 53 1
284 56 4
284 70 4
284 71 3
284 73 1
284 79 4
284 82 4
284 94 1
284 96 3
284 97 4
284 98 4
284 111 3
284 122 1
284 135 2
284 136 1
284 143 3
284 144 2
284 150 1
284 151 1
284 168 3
284 173 4
284 174 4
284 181 4
284 195 4
284 202 4
284 204 4
284 216 4
284 222 4
284 227 2
284 229 3
284 230 3
284 234 4
284 235 1
284 237 4
284 239 1
284 248 1
284 250 1
284 252 1
284 255 1
284 257 1
284 258 4
284 265 3
284 274 1
284 275 1
284 293 1
284 294 3
284 300 3
284 313 2
284 315 3
284 318 2
284 343 1
284 385 3
284 392 1
284 399 1
284 405 3
284 419 1
284 422 1
284 427 1
284 431 1
284 449 1
284 451 1
284 463 1
284 472 2
284 510 1
284 550 1
284 560 3
284 562 3
284 568 3
284 578 3
284 588 1
284 597 1
284 625 2
284 651 1
284 655 1
284 665 1
284 679 1
284 692 1
284 699 1
284 746 1
284 755 2
284 778 1
284 823 1
284 829 1
284 849 2
284 879 1
284 926 1
285 307 3
285 319 3
285 328 2
285 347 2
285 538 3
285 245 1
285 288 3
285 289 1
285 294 2
285 303 1
285 313 4
285 321 1
285 326 1
285 330 1
285 341 1
285 748 1
286 6 4
286 125 3
286 460 4
286 690 2
286 936 3
286 1 4
286 3 1
286 7 2
286 10 1
286 13 1
286 14 1
286 15 3
286 20 3
286 93 1
286 109 1
286 111 2
286 117 3
286 121 4
286 123 1
286 124 1
286 127 1
286 129 3
286 137 1
286 146 1
286 147 3
286 150 1
286 151 1
286 181 3
286 220 2
286 221 1
286 235 1
286 236 2
286 237 3
286 245 1
286 248 1
286 250 1
286 255 3
286 257 1
286 258 4
286 262 1
286 264 1
286 270 1
286 273 1
286 275 1
286 276 1
286 277 1
286 280 2
286 282 1
286 284 1
286 285 1
286 286 4
286 287 1
286 295 2
286 298 1
286 299 1
286 300 2
286 305 1
286 319 1
286 321 1
286 322 2
286 327 1
286 331 1
286 332 1
286 333 1
286 336 1
286 471 1
286 475 1
286 476 1
286 508 1
286 591 1
286 595 1
286 597 1
286 620 1
286 628 1
286 678 1
286 689 3
286 696 1
286 717 1
286 718 1
286 742 2
286 748 1
286 762 1
286 766 1
286 818 1
286 823 1
286 845 1
286 846 1
286 864 1
286 872 1
286 874 2
286 879 1
286 880 2
286 882 1
286 886 2
286 887 1
286 924 1
286 935 3
286 975 1
286 994 1
286 995 4
287 218 2
287 651 5
287 739 2
287 921 5
287 955 5
287 1 3
287 2 1
287 3 1
287 4 2
287 12 1
287 17 1
287 25 2
287 28 1
287 31 1
287 38 1
287 42 2
287 43 3
287 45 2
287 48 2
287 49 1
287 50 4
287 55 1
287 56 4
287 58 2
287 66 1
287 68 2
287 69 4
287 71 1
287 73 2
287 76 2
287 77 1
287 79 4
287 81 1
287 82 4
287 87 1
287 88 1
287 92 2
287 95 1
287 96 1
287 97 3
287 99 2
287 100 4
287 111 1
287 117 1
287 121 3
287 125 2
287 128 2
287 133 2
287 136 4
287 140 2
287 143 1
287 144 1
287 150 1
287 160 1
287 161 3
287 172 2
287 174 5
287 176 3
287 179 2
287 181 4
287 183 1
287 188 1
287 191 4
287 194 1
287 195 4
287 196 3
287 202 2
287 206 2
287 215 2
287 216 4
287 222 1
287 226 3
287 227 1
287 230 1
287 232 2
287 237 3
287 239 1
287 249 2
287 252 1
287 255 3
287 257 1
287 258 4
287 259 1
287 260 1
287 265 2
287 270 1
287 272 3
287 273 1
287 276 3
287 280 2
287 282 1
287 286 2
287 288 1
287 289 2
287 293 4
287 294 1
287 298 3
287 300 2
287 318 2
287 333 1
287 347 2
287 356 2
287 366 4
287 367 1
287 378 3
287 402 3
287 403 2
287 404 2
287 411 1
287 412 1
287 419 1
287 423 4
287 432 1
287 455 2
287 462 2
287 470 1
287 471 3
287 474 4
287 501 3
287 540 2
287 541 1
287 546 1
287 549 1
287 550 3
287 566 1
287 572 1
287 578 3
287 586 2
287 588 1
287 591 2
287 596 2
287 597 1
287 620 1
287 627 3
287 628 3
287 652 1
287 658 2
287 672 1
287 679 1
287 684 1
287 685 3
287 686 4
287 692 2
287 710 1
287 713 1
287 727 1
287 732 1
287 735 3
287 742 3
287 747 2
287 748 2
287 768 1
287 772 3
287 779 3
287 781 3
287 790 2
287 794 4
287 820 1
287 823 2
287 833 3
287 845 2
287 932 3
287 939 1
287 941 4
287 956 1
287 978 2
288 9 4
288 208 4
288 289 1
288 357 4
288 748 4
288 1 4
288 8 1
288 11 1
288 22 3
288 28 2
288 33 1
288 50 4
288 58 1
288 64 5
288 69 4
288 70 4
288 83 1
288 87 1
288 96 2
288 98 4
288 100 4
288 111 2
288 133 1
288 135 4
288 154 1
288 164 1
288 168 4
288 172 2
288 173 3
288 176 4
288 180 2
288 181 4
288 182 2
288 183 4
288 185 3
288 186 1
288 187 1
288 190 1
288 196 2
288 198 1
288 199 1
288 200 1
288 203 1
288 207 1
288 210 4
288 211 2
288 222 3
288 228 4
288 230 2
288 238 1
288 243 1
288 245 1
288 258 4
288 259 1
288 260 1
288 265 1
288 269 3
288 292 1
288 299 1
288 304 1
288 318 2
288 328 2
288 333 1
288 358 1
288 385 1
288 405 3
288 414 1
288 419 1
288 429 1
288 434 1
288 468 1
288 474 1
288 480 1
288 483 2
288 485 1
288 491 2
288 493 1
288 496 2
288 498 1
288 500 1
288 510 2
288 511 1
288 514 2
288 515 1
288 520 1
288 521 2
288 523 1
288 526 1
288 527 1
288 568 1
288 605 2
288 612 2
288 655 2
288 659 1
288 662 1
288 692 1
288 707 2
288 724 1
288 732 1
288 776 2
288 845 1
288 880 1
288 890 1
289 270 4
289 289 2
289 303 4
289 539 4
289 908 5
289 243 1
289 258 4
289 259 1
289 260 1
289 261 1
289 263 1
289 264 1
289 266 1
289 268 2
289 271 1
289 272 1
289 286 4
289 288 3
289 292 1
289 294 3
289 301 1
289 302 3
289 304 1
289 308 1
289 310 1
289 313 1
289 315 1
289 316 1
289 319 1
289 321 1
289 324 1
289 325 1
289 326 1
289 327 2
289 330 1
289 331 1
289 332 2
289 333 1
289 334 1
289 339 1
289 340 1
289 342 1
289 343 1
289 349 1
289 353 1
289 355 1
289 358 1
289 457 1
289 538 1
289 678 1
289 680 1
289 681 1
289 682 1
289 687 1
289 689 1
289 748 1
289 750 1
289 751 1
289 752 1
289 872 1
289 873 1
289 874 1
289 875 1
289 878 1
289 881 1
289 883 1
289 887 1
289 890 2
289 892 1
289 902 1
289 948 1
289 988 1
289 989 1
289 991 1
290 7 3
290 123 2
290 246 2
290 257 3
290 515 3
290 1 4
290 9 4
290 15 3
290 50 4
290 93 1
290 117 4
290 124 3
290 126 1
290 127 4
290 137 1
290 150 2
290 151 3
290 181 4
290 224 1
290 237 3
290 258 4
290 273 1
290 277 1
290 284 2
290 286 3
290 292 1
290 293 1
290 298 3
290 302 2
290 333 1
290 410 1
290 455 1
290 473 1
290 475 4
290 596 1
290 741 1
290 764 2
290 847 1
290 919 1
290 926 1
290 993 1
291 7 3
291 19 4
291 236 4
291 284 3
291 319 1
291 45 1
291 100 4
291 124 1
291 129 1
291 190 1
291 237 3
291 258 4
291 273 1
291 285 1
291 286 3
291 340 1
291 475 2
291 657 1
291 696 1
291 900 1
292 64 4
292 134 3
292 185 3
292 657 3
292 923 5
292 45 2
292 56 4
292 69 4
292 83 2
292 86 3
292 97 4
292 100 4
292 124 2
292 127 4
292 131 2
292 137 1
292 186 3
292 187 1
292 192 1
292 193 3
292 205 1
292 212 2
292 221 2
292 242 2
292 285 1
292 286 4
292 291 2
292 318 5
292 479 1
292 482 1
292 483 4
292 492 3
292 511 1
292 523 2
292 527 3
292 528 3
292 531 1
292 654 1
292 772 1
293 56 4
293 61 4
293 201 5
293 298 3
293 423 2
293 1 4
293 7 4
293 11 4
293 12 4
293 22 4
293 24 2
293 48 1
293 50 4
293 59 3
293 60 2
293 65 2
293 69 4
293 71 4
293 79 4
293 82 3
293 91 2
293 95 3
293 96 4
293 98 4
293 100 4
293 115 1
293 117 4
293 118 3
293 121 3
293 124 2
293 127 4
293 150 2
293 151 3
293 154 3
293 156 1
293 168 4
293 171 2
293 172 4
293 173 4
293 174 4
293 175 4
293 176 4
293 180 2
293 181 4
293 182 4
293 183 4
293 188 1
293 191 4
293 192 1
293 195 4
293 196 4
293 209 4
293 210 4
293 222 3
293 234 4
293 235 2
293 238 4
293 239 1
293 250 1
293 252 1
293 257 1
293 258 4
293 260 1
293 264 1
293 265 4
293 271 1
293 273 2
293 275 1
293 284 1
293 288 4
293 300 2
293 318 4
293 323 1
293 327 1
293 328 2
293 343 1
293 357 4
293 369 1
293 404 3
293 405 3
293 410 3
293 411 1
293 431 1
293 455 1
293 462 2
293 475 4
293 483 5
293 527 4
293 528 1
293 546 3
293 550 1
293 597 3
293 647 1
293 652 2
293 684 1
293 687 1
293 693 2
293 742 3
293 746 1
293 751 1
293 754 1
293 762 1
293 763 1
293 876 2
293 879 1
293 886 2
293 890 1
293 925 1
294 1 3
294 15 5
294 121 4
294 479 3
294 924 4
294 9 3
294 50 4
294 64 3
294 65 1
294 86 1
294 98 4
294 100 4
294 107 1
294 126 1
294 174 4
294 183 2
294 191 4
294 194 2
294 199 1
294 222 4
294 237 4
294 286 3
294 289 1
294 294 3
294 322 1
294 357 3
294 427 2
294 507 1
294 528 1
294 748 3
295 62 3
295 127 4
295 174 5
295 226 4
295 550 3
295 2 3
295 4 3
295 11 4
295 29 2
295 44 4
295 50 4
295 53 2
295 54 1
295 56 4
295 64 5
295 68 3
295 69 4
295 71 4
295 79 4
295 84 1
295 86 2
295 88 1
295 89 4
295 90 2
295 91 3
295 94 2
295 95 3
295 98 4
295 101 3
295 109 2
295 120 1
295 121 3
295 132 4
295 133 1
295 139 1
295 140 1
295 143 4
295 144 4
295 145 1
295 147 2
295 151 4
295 153 4
295 155 1
295 157 3
295 158 4
295 161 4
295 162 3
295 163 3
295 167 2
295 168 4
295 172 4
295 173 4
295 176 4
295 179 3
295 181 4
295 184 3
295 186 4
295 188 2
295 191 4
295 195 4
295 200 2
295 201 3
295 202 4
295 204 4
295 214 2
295 216 4
295 217 2
295 219 1
295 222 3
295 227 3
295 228 4
295 229 3
295 230 3
295 231 2
295 232 3
295 234 4
295 235 3
295 265 4
295 282 2
295 288 3
295 357 4
295 379 3
295 380 2
295 385 4
295 386 2
295 389 1
295 391 2
295 392 1
295 395 1
295 402 2
295 403 4
295 404 1
295 413 2
295 416 3
295 417 2
295 421 3
295 423 4
295 431 2
295 433 3
295 435 4
295 444 1
295 447 3
295 449 3
295 451 3
295 452 1
295 465 1
295 470 2
295 472 1
295 478 3
295 479 4
295 496 4
295 501 1
295 504 3
295 505 3
295 507 3
295 523 4
295 559 3
295 566 3
295 575 3
295 581 2
295 616 1
295 622 3
295 629 2
295 642 3
295 650 2
295 658 1
295 660 3
295 665 2
295 671 3
295 674 2
295 679 1
295 684 3
295 705 2
295 732 2
295 742 3
295 768 2
295 770 3
295 790 2
295 796 3
295 797 2
295 831 1
295 843 4
295 924 1
295 944 1
296 142 2
296 421 3
296 484 3
296 509 3
296 554 2
296 7 2
296 10 1
296 11 1
296 17 1
296 33 1
296 38 1
296 39 1
296 42 1
296 50 4
296 53 1
296 56 4
296 64 1
296 77 1
296 87 1
296 89 2
296 96 1
296 97 1
296 98 4
296 99 1
296 109 1
296 132 1
296 133 1
296 135 1
296 136 3
296 141 1
296 143 1
296 147 1
296 150 1
296 154 1
296 156 1
296 158 1
296 164 1
296 172 1
296 173 1
296 181 3
296 183 1
296 186 1
296 191 2
296 204 1
296 222 1
296 227 1
296 228 1
296 229 1
296 246 1
296 268 1
296 288 1
296 318 1
296 356 1
296 378 1
296 380 1
296 393 1
296 417 1
296 418 1
296 420 1
296 432 1
296 433 1
296 469 1
296 480 1
296 485 1
296 526 1
296 528 1
296 532 1
296 561 1
296 607 3
296 625 1
296 633 1
296 659 1
296 727 1
296 743 1
296 746 1
296 774 1
296 825 1
296 921 4
297 183 4
297 194 3
297 222 3
297 381 3
297 808 2
297 1 4
297 2 1
297 3 1
297 11 4
297 12 4
297 13 3
297 19 2
297 24 2
297 25 4
297 28 4
297 31 4
297 38 1
297 39 2
297 54 1
297 56 4
297 66 2
297 67 2
297 70 4
297 71 4
297 72 2
297 77 2
297 79 4
297 80 2
297 82 4
297 87 1
297 89 4
297 94 2
297 95 4
297 96 4
297 97 3
297 98 4
297 99 2
297 100 4
297 101 3
297 105 2
297 108 1
297 109 3
297 114 4
297 118 3
297 122 1
297 127 4
297 139 3
297 145 2
297 152 1
297 153 4
297 155 3
297 161 3
297 163 2
297 164 3
297 167 1
297 168 4
297 173 4
297 174 5
297 175 4
297 181 4
297 185 4
297 186 4
297 187 3
297 188 2
297 189 2
297 195 5
297 197 3
297 202 4
297 204 4
297 208 4
297 217 2
297 225 3
297 227 4
297 228 4
297 229 3
297 230 4
297 233 1
297 234 4
297 240 2
297 242 1
297 248 2
297 250 2
297 252 1
297 257 3
297 258 4
297 260 2
297 268 1
297 273 3
297 274 4
297 288 3
297 291 2
297 298 2
297 325 1
297 358 3
297 363 2
297 364 3
297 373 3
297 382 2
297 384 1
297 385 4
297 386 2
297 393 3
297 395 3
297 399 3
297 403 4
297 405 3
297 407 2
297 408 1
297 412 1
297 418 2
297 420 3
297 423 4
297 431 3
297 432 2
297 451 2
297 452 2
297 455 2
297 465 1
297 472 2
297 475 2
297 501 2
297 508 3
297 510 2
297 526 1
297 540 1
297 545 2
297 549 2
297 550 2
297 552 4
297 559 2
297 562 2
297 566 1
297 568 4
297 570 2
297 575 1
297 577 1
297 578 2
297 588 4
297 590 1
297 597 3
297 603 2
297 625 3
297 627 3
297 645 1
297 651 2
297 652 2
297 655 4
297 657 3
297 679 2
297 692 3
297 716 2
297 720 3
297 721 3
297 722 2
297 724 4
297 731 3
297 741 2
297 746 4
297 748 3
297 758 1
297 765 1
297 771 2
297 780 1
297 781 2
297 783 1
297 790 1
297 792 1
297 797 3
297 802 1
297 809 3
297 810 1
297 840 2
297 849 1
297 864 1
297 940 2
297 943 3
297 1000 1
298 54 2
298 448 4
298 607 3
298 628 4
298 933 3
298 10 1
298 11 1
298 12 1
298 23 1
298 32 1
298 50 1
298 53 1
298 56 1
298 59 1
298 61 1
298 79 1
298 83 1
298 89 1
298 98 1
298 121 1
298 124 1
298 127 1
298 136 1
298 137 1
298 144 1
298 150 1
298 151 1
298 156 1
298 160 1
298 164 1
298 168 1
298 171 1
298 172 1
298 175 1
298 176 1
298 182 1
298 183 1
298 186 1
298 187 1
298 191 1
298 192 1
298 197 1
298 202 1
298 203 1
298 204 1
298 210 1
298 212 1
298 218 1
298 222 1
298 228 1
298 229 1
298 258 1
298 262 1
298 271 1
298 275 1
298 288 1
298 293 1
298 302 1
298 340 1
298 381 1
298 425 1
298 435 1
298 443 1
298 447 1
298 449 1
298 464 1
298 474 1
298 475 1
298 483 1
298 484 1
298 486 1
298 489 1
298 512 1
298 514 1
298 515 1
298 522 1
298 525 1
298 538 1
298 548 1
298 554 1
298 558 1
298 591 1
298 594 1
298 603 1
298 631 1
298 649 1
298 652 1
298 656 1
298 664 1
298 675 1
298 693 1
298 754 1
298 772 1
298 806 1
298 887 1
298 919 1
298 922 1
298 985 1
299 7 4
299 69 5
299 347 4
299 427 5
299 514 5
299 8 3
299 11 2
299 12 4
299 50 4
299 87 1
299 97 4
299 117 3
299 127 4
299 132 3
299 136 1
299 153 4
299 157 1
299 176 4
299 177 1
299 181 4
299 182 2
299 183 3
299 191 4
299 193 1
299 194 2
299 198 1
299 202 3
299 207 1
299 210 4
299 213 1
299 215 3
299 238 4
299 251 1
299 271 1
299 272 1
299 275 4
299 295 1
299 300 4
299 301 1
299 307 1
299 312 1
299 313 4
299 318 4
299 326 2
299 357 4
299 414 1
299 425 1
299 463 1
299 474 2
299 482 1
299 483 3
299 484 1
299 486 1
299 497 1
299 511 1
299 516 1
299 520 1
299 521 1
299 530 1
299 539 1
299 605 1
299 651 1
299 657 1
299 661 1
299 663 1
299 664 1
299 690 1
299 692 2
299 742 3
299 750 1
299 879 1
299 886 1
299 887 1
299 902 1
300 15 2
300 59 4
300 77 3
300 319 4
300 479 5
300 1 4
300 3 1
300 8 1
300 9 4
300 25 4
300 28 3
300 30 4
300 39 1
300 42 1
300 43 1
300 44 1
300 45 1
300 50 4
300 56 4
300 58 1
300 61 1
300 62 1
300 69 4
300 70 3
300 72 1
300 83 1
300 88 1
300 89 4
300 94 1
300 97 4
300 98 4
300 100 4
300 111 3
300 116 1
300 118 3
300 120 1
300 125 3
300 129 1
300 133 1
300 135 4
300 143 3
300 147 3
300 159 1
300 164 1
300 172 4
300 175 3
300 179 1
300 181 4
300 196 4
300 202 3
300 204 4
300 208 3
300 210 4
300 211 3
300 216 4
300 217 1
300 223 1
300 234 3
300 235 1
300 237 4
300 238 3
300 244 1
300 245 1
300 246 1
300 250 1
300 252 1
300 255 1
300 257 2
300 258 4
300 268 3
300 274 2
300 275 3
300 276 3
300 281 1
300 282 2
300 283 1
300 284 1
300 285 1
300 287 1
300 294 3
300 298 1
300 300 3
300 301 1
300 304 1
300 316 1
300 325 1
300 381 2
300 386 1
300 387 2
300 393 1
300 396 1
300 405 3
300 407 1
300 412 1
300 421 1
300 448 1
300 464 2
300 469 1
300 471 2
300 472 1
300 475 1
300 476 2
300 498 1
300 509 1
300 514 1
300 517 1
300 522 3
300 529 3
300 531 1
300 535 1
300 553 1
300 559 1
300 568 3
300 569 1
300 584 1
300 611 1
300 619 1
300 639 2
300 640 1
300 660 2
300 662 2
300 665 1
300 699 2
300 708 1
300 709 1
300 714 4
300 721 1
300 729 2
300 735 2
300 739 1
300 742 3
300 762 1
300 768 1
300 775 4
300 780 1
300 781 1
300 815 1
300 821 1
300 827 2
300 836 1
300 845 2
300 930 1
300 964 4
300 971 3
300 988 1
300 996 3
