301 1 3
301 172 3
301 173 2
301 191 2
301 242 3
301 258 4
301 286 1
301 484 4
301 516 4
301 604 5
301 195 4
301 204 4
301 269 3
301 283 3
301 318 4
301 423 4
301 481 2
301 515 4
302 243 2
302 258 3
302 269 3
302 289 4
302 322 3
302 326 4
302 328 3
302 333 4
302 678 1
302 984 1
302 242 4
302 268 4
302 286 4
302 300 4
302 304 4
302 313 5
302 315 4
302 316 4
302 875 1
303 264 3
303 268 4
303 269 5
303 286 5
303 288 5
303 289 4
303 298 4
303 303 4
303 682 4
303 995 3
303 258 4
303 294 3
303 300 4
303 301 4
303 305 1
303 306 1
303 319 3
303 325 3
303 332 3
303 333 3
303 340 4
303 343 3
304 22 5
304 64 4
304 143 2
304 194 5
304 215 5
304 418 5
304 427 5
304 492 4
304 510 5
304 604 5
304 136 1
304 172 4
304 193 4
304 237 4
304 245 3
304 286 3
304 480 4
304 566 4
304 603 4
304 606 1
304 705 1
305 98 3
305 137 1
305 272 5
305 313 5
305 475 3
305 650 3
305 690 5
305 750 3
305 886 1
305 938 1
305 87 5
305 204 4
305 288 3
305 327 3
305 427 4
305 651 5
305 655 4
306 121 4
306 126 5
306 181 4
306 289 4
306 313 3
306 405 4
306 471 5
306 476 3
306 597 3
306 846 4
306 1 4
306 50 5
306 127 4
306 151 4
306 252 3
306 255 4
306 748 3
306 924 1
307 118 3
307 286 5
307 294 3
307 301 3
307 405 4
307 471 4
307 476 3
307 538 4
307 756 3
307 845 3
307 111 3
307 121 4
307 125 3
307 181 4
307 220 1
307 252 3
307 258 4
307 298 4
307 300 3
307 458 2
307 546 3
307 815 2
307 926 3
308 245 4
308 269 5
308 272 5
308 288 5
308 289 4
308 300 3
308 301 5
308 313 5
308 343 3
308 898 5
308 336 2
308 353 3
308 751 3
308 873 1
308 879 3
309 288 5
309 294 3
309 307 4
309 310 4
309 332 3
309 350 2
309 690 2
309 750 5
309 880 5
309 887 4
309 268 4
309 270 3
309 292 3
309 300 4
309 302 4
309 313 5
309 335 2
309 343 2
309 346 4
309 682 2
309 689 2
309 895 3
310 50 4
310 112 4
310 133 2
310 210 3
310 222 4
310 240 1
310 411 3
310 597 4
310 756 3
310 894 1
310 21 3
310 94 4
310 181 4
310 258 4
310 300 4
310 473 3
310 596 3
311 7 4
311 28 5
311 64 5
311 111 5
311 222 3
311 251 4
311 257 4
311 271 2
311 750 4
311 751 3
311 1 4
311 50 4
311 151 4
311 259 2
311 269 3
311 272 4
311 300 3
311 736 3
312 7 4
312 14 4
312 149 5
312 224 4
312 275 5
312 277 4
312 286 5
312 290 3
312 300 4
312 742 4
312 1 4
312 9 4
312 100 4
312 129 3
312 268 4
312 276 3
312 410 4
312 475 4
312 740 2
313 258 2
313 272 5
313 288 1
313 315 3
313 328 3
313 333 2
313 690 4
313 751 5
313 873 5
313 893 1
313 243 2
313 286 4
313 289 3
313 310 4
313 311 1
313 313 5
313 323 3
313 332 3
313 748 3
314 258 3
314 272 3
314 322 4
314 350 4
314 362 5
314 682 4
314 748 4
314 882 5
314 891 5
314 990 5
314 288 3
314 300 3
314 313 4
314 319 2
314 326 2
314 333 4
314 538 1
315 259 4
315 294 4
315 321 3
315 322 4
315 342 3
315 359 5
315 597 4
315 687 5
315 875 5
315 892 5
315 117 5
315 125 4
315 243 1
315 245 3
315 288 3
315 301 4
315 304 1
315 326 4
315 339 1
315 340 3
315 410 5
315 748 4
315 988 1
316 124 4
316 237 3
316 245 1
316 268 4
316 272 4
316 275 5
316 283 3
316 285 4
316 508 4
316 874 2
316 14 4
316 25 4
316 286 4
316 313 5
316 319 3
316 321 3
316 676 3
317 303 4
317 305 4
317 311 4
317 315 4
317 316 4
317 319 4
317 321 4
317 328 3
317 347 4
317 900 3
317 272 4
317 340 4
317 345 3
317 690 3
317 902 1
318 98 4
318 173 5
318 245 3
318 294 4
318 306 5
318 315 4
318 347 4
318 603 5
318 752 5
318 923 5
318 22 4
318 258 4
318 269 4
318 286 4
318 288 3
318 301 3
318 311 3
318 313 4
318 515 5
318 525 1
318 538 1
318 882 1
319 258 2
319 294 3
319 304 5
319 308 1
319 326 1
319 331 3
319 332 4
319 333 3
319 342 1
319 938 2
319 271 2
319 288 3
319 289 3
319 301 3
319 310 4
319 322 4
319 338 1
319 538 1
319 682 1
319 690 4
319 877 1
319 989 1
320 288 4
320 294 4
320 300 3
320 302 5
320 319 4
320 327 5
320 338 3
320 340 3
320 343 4
320 879 2
320 258 4
320 262 2
320 268 4
320 269 4
320 271 2
320 305 2
320 307 3
320 325 3
320 333 3
320 689 1
320 890 1
321 100 4
321 168 4
321 216 3
321 269 4
321 302 5
321 313 5
321 346 4
321 357 5
321 628 2
321 682 4
321 150 4
321 151 3
321 191 4
321 194 4
321 198 2
321 205 3
321 222 3
321 237 4
321 276 4
321 288 3
321 455 4
321 514 4
321 538 2
321 902 1
322 1 3
322 147 3
322 151 2
322 254 1
322 282 3
322 471 4
322 473 1
322 742 4
322 815 3
322 926 3
322 7 4
322 21 1
322 24 3
322 125 4
322 222 4
322 405 4
322 410 3
322 685 4
322 849 1
323 243 4
323 264 1
323 300 4
323 322 4
323 409 4
323 687 2
323 833 4
323 872 5
323 876 5
323 948 4
323 100 4
323 257 5
323 261 1
323 288 3
323 294 4
323 328 4
323 456 1
323 881 1
324 270 2
324 294 1
324 299 2
324 301 4
324 303 2
324 307 4
324 309 2
324 358 3
324 748 1
324 988 2
324 245 3
324 258 4
324 289 3
324 322 3
324 323 3
324 328 3
324 680 1
324 879 3
325 111 3
325 271 4
325 286 1
325 288 3
325 294 4
325 298 5
325 310 3
325 322 4
325 763 4
325 893 3
325 237 4
325 259 2
325 275 4
325 278 1
325 300 4
325 313 5
325 328 4
325 343 1
325 681 1
325 682 1
325 742 4
325 895 1
326 25 3
326 100 4
326 111 4
326 116 5
326 275 4
326 283 3
326 306 5
326 319 4
326 744 4
326 864 3
326 13 3
326 14 4
326 150 4
326 235 3
326 242 4
326 269 4
326 286 4
326 287 1
326 321 4
326 476 2
326 756 2
327 242 4
327 258 5
327 300 3
327 303 2
327 306 2
327 319 4
327 324 3
327 326 5
327 938 4
327 989 3
327 286 3
327 304 3
327 331 3
327 333 4
327 334 1
327 690 3
328 14 5
328 24 4
328 50 5
328 116 5
328 181 4
328 222 3
328 274 3
328 275 5
328 536 4
328 832 1
328 251 4
328 257 4
328 258 4
328 304 1
328 740 1
328 748 3
328 845 4
329 245 4
329 268 3
329 288 4
329 313 4
329 323 2
329 331 4
329 351 3
329 355 4
329 678 2
329 748 5
329 264 1
329 271 3
329 299 3
329 300 4
329 322 3
329 326 3
329 328 3
329 350 1
329 354 3
329 879 4
330 261 3
330 267 4
330 268 4
330 302 4
330 306 4
330 307 4
330 332 4
330 340 3
330 346 3
330 682 3
330 259 2
330 269 4
330 301 3
330 313 4
330 333 4
330 338 1
330 689 1
330 750 4
330 751 4
330 879 3
330 880 1
331 127 5
331 227 5
331 284 5
331 322 4
331 332 4
331 452 4
331 456 4
331 595 4
331 655 5
331 895 5
331 1 4
331 5 1
331 7 4
331 8 4
331 9 4
331 11 4
331 12 5
331 22 5
331 31 4
331 38 3
331 44 3
331 53 1
331 54 3
331 56 4
331 70 4
331 73 4
331 77 4
331 79 4
331 82 4
331 95 4
331 96 5
331 97 4
331 98 4
331 105 1
331 106 3
331 117 4
331 118 3
331 120 1
331 121 4
331 122 1
331 123 3
331 125 4
331 144 4
331 148 3
331 156 4
331 159 3
331 172 4
331 174 4
331 181 5
331 182 4
331 195 4
331 204 4
331 210 4
331 218 3
331 222 4
331 228 4
331 229 3
331 230 4
331 232 3
331 233 4
331 234 4
331 235 2
331 237 4
331 240 2
331 249 2
331 252 3
331 255 3
331 257 4
331 258 4
331 264 2
331 265 4
331 271 4
331 273 4
331 282 3
331 288 4
331 291 2
331 293 4
331 294 3
331 295 1
331 298 3
331 300 4
331 307 3
331 313 4
331 323 3
331 326 3
331 327 4
331 328 4
331 333 4
331 342 2
331 354 3
331 356 3
331 369 2
331 370 1
331 405 3
331 406 1
331 409 2
331 410 3
331 431 3
331 449 3
331 450 1
331 451 4
331 470 3
331 546 3
331 566 4
331 597 3
331 628 3
331 651 4
331 660 4
331 673 4
331 679 3
331 682 1
331 684 4
331 693 4
331 696 3
331 717 3
331 728 1
331 742 4
331 746 1
331 756 2
331 763 3
331 770 3
331 815 2
331 824 1
331 827 1
331 831 1
331 833 1
331 840 2
331 841 1
331 845 4
331 866 3
331 871 3
331 879 3
331 928 3
331 931 1
331 934 1
331 975 1
331 978 1
331 982 1
331 983 1
332 79 3
332 153 4
332 180 1
332 255 3
332 269 2
332 294 3
332 300 4
332 315 5
332 316 5
332 894 3
332 66 3
332 88 4
332 98 4
332 100 5
332 168 4
332 174 5
332 186 4
332 276 3
332 435 4
332 513 1
332 739 3
332 748 3
332 873 1
333 70 3
333 257 4
333 271 3
333 313 4
333 475 4
333 485 3
333 634 4
333 678 3
333 906 5
333 922 4
333 4 4
333 7 4
333 8 4
333 9 4
333 12 5
333 13 4
333 19 2
333 20 1
333 22 4
333 23 4
333 28 4
333 42 4
333 50 4
333 52 2
333 56 4
333 58 4
333 59 3
333 61 3
333 68 3
333 69 3
333 72 3
333 73 3
333 74 1
333 77 3
333 79 4
333 81 3
333 82 3
333 83 4
333 86 4
333 89 5
333 91 4
333 93 4
333 95 4
333 98 4
333 100 5
333 111 3
333 115 4
333 116 4
333 117 4
333 124 4
333 125 4
333 127 4
333 131 3
333 132 4
333 134 4
333 135 4
333 143 3
333 150 4
333 151 4
333 153 4
333 154 4
333 155 3
333 160 3
333 163 1
333 164 4
333 168 4
333 169 4
333 170 3
333 171 4
333 172 4
333 173 4
333 174 5
333 175 5
333 176 4
333 179 4
333 181 4
333 182 4
333 183 4
333 185 4
333 186 4
333 191 4
333 196 4
333 197 4
333 200 4
333 203 4
333 204 4
333 207 1
333 210 4
333 213 4
333 216 3
333 217 2
333 220 2
333 221 3
333 222 4
333 223 5
333 224 5
333 225 3
333 227 3
333 228 4
333 229 3
333 230 3
333 231 3
333 235 3
333 237 3
333 238 4
333 239 2
333 244 2
333 245 3
333 248 3
333 250 4
333 255 3
333 258 4
333 265 4
333 268 4
333 269 4
333 272 4
333 275 4
333 276 4
333 277 3
333 282 4
333 283 3
333 285 4
333 286 4
333 287 1
333 288 3
333 289 3
333 293 3
333 297 1
333 300 4
333 301 4
333 302 4
333 303 4
333 305 1
333 306 2
333 310 4
333 311 2
333 312 2
333 315 4
333 316 4
333 317 1
333 318 4
333 319 3
333 322 3
333 324 2
333 326 3
333 328 4
333 333 3
333 337 5
333 338 2
333 340 3
333 345 3
333 346 4
333 347 3
333 371 3
333 387 2
333 396 4
333 405 3
333 408 5
333 421 4
333 423 4
333 425 1
333 427 4
333 428 5
333 429 4
333 430 2
333 433 4
333 436 4
333 443 4
333 449 4
333 450 2
333 461 2
333 462 4
333 474 4
333 476 2
333 481 1
333 483 4
333 484 2
333 488 1
333 494 1
333 498 5
333 500 1
333 502 2
333 505 1
333 506 2
333 508 3
333 510 4
333 512 1
333 514 4
333 515 4
333 521 3
333 525 1
333 529 1
333 531 4
333 537 4
333 553 1
333 558 3
333 566 4
333 569 3
333 577 1
333 582 4
333 591 4
333 603 4
333 606 1
333 607 1
333 608 4
333 620 3
333 628 4
333 629 2
333 631 1
333 635 3
333 640 4
333 642 3
333 652 4
333 655 4
333 657 5
333 658 3
333 663 2
333 675 4
333 684 4
333 689 2
333 693 1
333 707 1
333 708 2
333 709 1
333 710 2
333 712 2
333 716 4
333 736 4
333 740 2
333 742 4
333 744 3
333 746 2
333 753 3
333 762 3
333 792 3
333 815 3
333 840 2
333 845 3
333 846 3
333 855 1
333 856 4
333 865 5
333 870 1
333 877 2
333 879 4
333 886 4
333 887 1
333 888 1
333 896 1
333 899 1
333 902 3
333 905 1
333 931 1
333 936 5
333 937 3
333 945 1
333 950 2
333 955 2
333 961 4
333 969 4
334 245 4
334 271 4
334 288 4
334 305 4
334 307 5
334 328 3
334 333 4
334 355 3
334 678 3
334 748 2
334 258 4
334 260 2
334 269 4
334 300 4
334 313 5
334 322 3
334 323 3
334 324 3
334 342 1
334 347 2
334 902 1
335 26 5
335 94 3
335 100 3
335 108 3
335 121 4
335 284 4
335 655 3
335 762 5
335 765 4
335 780 3
335 3 1
335 4 3
335 13 4
335 15 4
335 33 1
335 41 1
335 42 1
335 49 1
335 56 4
335 63 1
335 66 1
335 67 1
335 70 3
335 88 3
335 90 1
335 105 1
335 111 3
335 117 4
335 122 2
335 124 4
335 125 4
335 151 3
335 153 4
335 154 3
335 158 1
335 168 4
335 186 4
335 202 4
335 204 4
335 208 4
335 216 4
335 232 1
335 237 4
335 239 1
335 275 4
335 276 4
335 282 4
335 288 2
335 290 3
335 367 2
335 383 1
335 388 1
335 395 1
335 399 1
335 401 1
335 405 3
335 410 3
335 451 3
335 475 4
335 546 3
335 571 1
335 575 1
335 577 2
335 619 1
335 628 1
335 692 4
335 710 1
335 722 1
335 732 4
335 738 1
335 742 4
335 763 2
335 781 1
335 785 1
335 790 1
335 796 1
335 824 1
335 845 3
335 859 1
335 864 1
335 926 1
335 959 1
335 998 1
335 999 4
336 50 5
336 125 4
336 181 2
336 229 3
336 230 5
336 250 3
336 257 3
336 450 2
336 471 5
336 631 4
336 15 4
336 106 1
336 121 3
336 127 4
336 135 4
336 222 4
336 228 4
336 235 3
336 371 1
336 380 3
336 392 3
336 449 3
336 515 4
336 520 1
336 636 2
336 742 3
336 831 1
336 879 1
337 52 5
337 174 4
337 180 4
337 204 3
337 213 5
337 216 4
337 301 4
337 310 3
337 488 5
337 582 5
337 1 4
337 56 4
337 79 4
337 83 4
337 100 5
337 132 4
337 133 4
337 134 5
337 135 4
337 168 4
337 170 5
337 175 4
337 189 1
337 194 4
337 196 4
337 197 5
337 208 4
337 211 4
337 212 1
337 215 4
337 269 4
337 286 4
337 294 2
337 306 1
337 408 3
337 427 4
337 435 4
337 443 4
337 462 4
337 474 4
337 480 4
337 483 5
337 484 1
337 486 2
337 490 1
337 494 2
337 498 4
337 511 4
337 513 1
337 514 4
337 516 1
337 523 3
337 525 5
337 603 5
337 604 1
337 606 1
337 607 2
337 613 1
337 650 1
337 654 5
337 663 1
337 708 1
337 792 1
337 945 1
338 56 5
338 82 4
338 99 4
338 157 4
338 383 1
338 449 3
338 498 4
338 527 4
338 632 4
338 735 4
338 1 4
338 4 4
338 5 2
338 7 4
338 11 4
338 12 4
338 22 4
338 23 4
338 25 3
338 28 4
338 29 2
338 30 2
338 32 3
338 42 4
338 45 2
338 47 3
338 50 4
338 55 4
338 58 3
338 64 5
338 65 1
338 67 2
338 69 3
338 73 2
338 74 1
338 76 1
338 79 4
338 80 2
338 81 2
338 86 2
338 88 4
338 89 4
338 91 4
338 97 4
338 98 4
338 100 4
338 101 3
338 117 3
338 121 3
338 124 4
338 126 2
338 127 4
338 130 1
338 131 3
338 132 4
338 133 3
338 134 4
338 135 4
338 136 1
338 139 2
338 144 4
338 145 2
338 150 4
338 151 4
338 153 4
338 154 4
338 156 4
338 159 1
338 160 3
338 161 3
338 163 1
338 167 3
338 168 4
338 170 4
338 173 4
338 174 5
338 175 4
338 179 4
338 180 4
338 181 3
338 182 4
338 183 4
338 185 4
338 186 4
338 188 4
338 190 4
338 191 4
338 192 2
338 194 4
338 195 4
338 196 4
338 197 4
338 198 4
338 199 5
338 203 4
338 204 4
338 205 1
338 208 4
338 209 4
338 214 3
338 222 3
338 226 3
338 227 3
338 228 4
338 231 3
338 233 1
338 234 4
338 235 3
338 238 4
338 240 3
338 248 2
338 257 3
338 258 4
338 265 3
338 269 4
338 270 3
338 276 4
338 286 4
338 288 4
338 298 4
338 302 4
338 317 1
338 327 1
338 347 2
338 357 5
338 380 1
338 402 4
338 403 4
338 404 4
338 410 3
338 411 3
338 415 2
338 423 4
338 427 4
338 428 5
338 431 3
338 433 4
338 435 4
338 436 4
338 447 4
338 451 3
338 461 3
338 469 3
338 474 4
338 475 4
338 478 1
338 479 4
338 483 4
338 484 5
338 485 3
338 488 2
338 496 4
338 503 4
338 508 4
338 509 4
338 511 5
338 514 3
338 515 3
338 516 4
338 521 4
338 522 1
338 523 4
338 525 4
338 528 2
338 530 4
338 546 3
338 549 2
338 550 4
338 566 3
338 568 3
338 573 3
338 582 4
338 589 4
338 603 4
338 607 1
338 614 1
338 631 1
338 636 2
338 637 2
338 640 1
338 642 3
338 649 4
338 650 3
338 655 4
338 657 4
338 661 1
338 663 2
338 673 1
338 675 3
338 678 3
338 693 2
338 702 3
338 709 3
338 719 3
338 737 2
338 739 3
338 770 1
338 772 3
338 806 1
338 823 3
338 845 4
338 856 3
338 939 4
338 942 1
338 961 4
339 88 5
339 172 4
339 179 1
339 180 3
339 181 4
339 402 4
339 405 5
339 428 1
339 486 4
339 662 2
339 1 4
339 15 4
339 50 5
339 66 3
339 71 4
339 143 3
339 173 4
339 174 5
339 186 4
339 199 3
339 204 5
339 205 1
339 215 4
339 265 4
339 274 4
339 417 1
339 418 3
339 423 4
339 435 4
339 502 1
339 504 1
339 520 1
339 526 1
339 584 1
339 588 4
339 946 1
340 129 5
340 209 5
340 286 4
340 523 4
340 558 5
340 692 1
340 727 3
340 756 3
340 813 5
340 815 4
340 3 1
340 4 4
340 7 4
340 8 4
340 11 4
340 13 3
340 15 4
340 23 4
340 25 3
340 26 1
340 28 4
340 32 4
340 47 4
340 56 4
340 58 4
340 68 3
340 92 2
340 93 4
340 95 4
340 98 4
340 100 4
340 108 2
340 111 4
340 122 1
340 123 3
340 124 4
340 125 4
340 131 3
340 132 5
340 133 4
340 134 4
340 135 4
340 143 4
340 144 4
340 156 4
340 160 3
340 174 5
340 175 4
340 179 4
340 188 4
340 189 3
340 191 4
340 192 1
340 193 4
340 194 4
340 196 4
340 197 4
340 204 4
340 208 4
340 212 2
340 216 4
340 220 1
340 223 5
340 237 4
340 238 4
340 240 3
340 248 4
340 251 1
340 255 4
340 257 4
340 262 3
340 274 4
340 276 3
340 282 4
340 287 2
340 288 3
340 289 2
340 294 3
340 297 3
340 298 3
340 301 4
340 319 3
340 320 2
340 326 3
340 327 3
340 357 5
340 367 3
340 378 2
340 381 3
340 382 4
340 408 4
340 410 3
340 412 2
340 421 4
340 423 4
340 427 4
340 433 4
340 461 4
340 478 3
340 482 2
340 483 5
340 487 1
340 496 4
340 499 2
340 508 3
340 517 1
340 518 2
340 531 4
340 535 4
340 544 1
340 547 1
340 574 2
340 581 3
340 584 4
340 591 4
340 606 3
340 607 2
340 654 4
340 655 4
340 656 1
340 657 5
340 663 3
340 699 3
340 723 1
340 724 3
340 732 4
340 746 2
340 762 3
340 764 1
340 772 1
340 789 2
340 792 2
340 818 1
340 844 1
340 846 2
340 866 3
340 873 1
340 875 3
340 928 2
340 950 1
340 952 2
340 965 3
340 974 2
340 975 1
341 12 5
341 48 3
341 152 4
341 175 5
341 180 5
341 283 4
341 475 5
341 508 5
341 528 3
341 823 3
341 1 4
341 3 3
341 4 4
341 7 4
341 8 4
341 9 4
341 10 1
341 11 4
341 20 1
341 23 4
341 25 3
341 26 1
341 28 4
341 38 3
341 42 4
341 44 1
341 47 3
341 50 4
341 52 1
341 53 1
341 55 4
341 56 5
341 57 1
341 58 4
341 62 3
341 63 1
341 65 1
341 66 4
341 67 1
341 68 2
341 69 4
341 76 2
341 77 3
341 79 4
341 81 2
341 82 3
341 83 4
341 86 3
341 87 4
341 88 4
341 89 4
341 90 1
341 97 4
341 98 5
341 100 4
341 117 4
341 118 3
341 121 4
341 124 4
341 127 4
341 130 1
341 132 3
341 134 4
341 135 4
341 137 4
341 143 4
341 144 4
341 147 4
341 153 4
341 154 4
341 155 1
341 156 4
341 159 3
341 163 1
341 164 3
341 168 4
341 169 2
341 174 4
341 176 4
341 177 4
341 179 5
341 186 4
341 187 4
341 188 3
341 189 2
341 191 4
341 193 4
341 194 4
341 196 4
341 197 5
341 199 4
341 200 4
341 208 4
341 211 4
341 214 3
341 223 3
341 228 4
341 229 3
341 231 2
341 234 4
341 235 3
341 236 1
341 237 4
341 238 5
341 241 3
341 250 3
341 257 4
341 265 4
341 269 4
341 275 4
341 276 4
341 277 1
341 288 3
341 297 1
341 302 4
341 303 1
341 306 1
341 318 4
341 324 4
341 333 4
341 334 1
341 357 4
341 358 4
341 367 4
341 371 1
341 375 1
341 382 3
341 385 4
341 405 3
341 408 5
341 410 3
341 423 4
341 427 5
341 429 1
341 435 4
341 449 1
341 458 1
341 461 1
341 462 4
341 463 2
341 471 4
341 473 2
341 474 4
341 476 3
341 483 4
341 498 4
341 499 1
341 510 4
341 515 4
341 521 1
341 523 4
341 527 4
341 530 1
341 536 1
341 546 3
341 555 1
341 559 2
341 561 1
341 568 3
341 569 2
341 581 2
341 582 3
341 606 1
341 614 1
341 631 1
341 642 2
341 654 5
341 655 4
341 657 3
341 660 4
341 684 4
341 702 1
341 703 1
341 708 1
341 712 1
341 724 2
341 727 2
341 729 1
341 739 3
341 744 3
341 747 1
341 778 3
341 786 1
341 792 1
341 919 4
341 921 1
341 930 2
341 931 1
341 943 1
341 950 1
341 951 1
341 961 2
341 980 3
342 12 5
342 71 3
342 121 3
342 151 5
342 268 3
342 273 4
342 303 4
342 367 5
342 421 2
342 972 4
342 1 4
342 4 4
342 5 1
342 7 4
342 8 4
342 9 4
342 11 4
342 13 4
342 14 4
342 22 4
342 25 4
342 26 2
342 39 1
342 45 2
342 58 3
342 70 3
342 73 2
342 79 4
342 86 2
342 87 4
342 88 4
342 89 4
342 95 4
342 96 4
342 97 4
342 98 4
342 106 1
342 111 3
342 118 3
342 119 5
342 122 1
342 124 4
342 125 3
342 127 4
342 129 3
342 132 4
342 137 5
342 148 3
342 169 1
342 172 4
342 174 5
342 175 5
342 176 3
342 181 4
342 183 4
342 190 3
342 191 4
342 195 4
342 196 4
342 198 1
342 202 3
342 203 4
342 204 4
342 208 5
342 210 4
342 213 4
342 215 4
342 216 4
342 222 3
342 228 4
342 235 3
342 237 3
342 244 1
342 245 3
342 246 4
342 248 1
342 251 1
342 255 2
342 269 4
342 272 4
342 274 3
342 275 4
342 276 4
342 278 1
342 280 1
342 281 3
342 283 4
342 284 3
342 285 5
342 286 4
342 288 3
342 291 2
342 295 1
342 297 2
342 298 4
342 301 3
342 304 1
342 306 1
342 311 1
342 313 4
342 315 1
342 316 1
342 322 3
342 357 4
342 372 1
342 385 3
342 405 4
342 433 4
342 451 3
342 459 1
342 462 2
342 471 4
342 472 4
342 476 3
342 477 2
342 478 1
342 479 5
342 486 1
342 487 1
342 494 1
342 508 4
342 509 4
342 511 4
342 516 2
342 535 1
342 537 1
342 559 1
342 562 1
342 568 4
342 597 3
342 619 1
342 647 3
342 660 4
342 663 1
342 678 3
342 684 4
342 694 1
342 696 1
342 707 1
342 708 1
342 709 2
342 713 1
342 716 1
342 742 4
342 751 3
342 764 1
342 815 2
342 844 1
342 845 4
342 864 1
342 896 3
342 926 1
342 928 1
342 955 1
343 5 3
343 56 5
343 117 4
343 251 5
343 268 4
343 293 4
343 297 4
343 301 4
343 535 3
343 762 5
343 1 4
343 4 4
343 9 4
343 11 4
343 13 4
343 14 4
343 15 3
343 25 3
343 26 2
343 28 4
343 33 4
343 43 1
343 44 3
343 48 4
343 49 1
343 50 4
343 51 3
343 64 5
343 65 3
343 66 3
343 69 3
343 70 3
343 71 4
343 77 3
343 79 4
343 81 3
343 87 4
343 88 4
343 93 4
343 98 5
343 100 4
343 111 4
343 118 3
343 121 3
343 124 4
343 125 3
343 126 3
343 131 4
343 132 4
343 137 4
343 143 3
343 148 2
343 151 4
343 170 4
343 172 4
343 173 4
343 174 5
343 191 4
343 196 4
343 197 4
343 202 4
343 204 4
343 216 4
343 220 1
343 221 3
343 223 5
343 226 4
343 234 4
343 235 3
343 237 4
343 239 1
343 241 4
343 245 2
343 246 4
343 255 3
343 258 4
343 262 3
343 269 4
343 272 4
343 274 3
343 278 1
343 280 1
343 282 4
343 283 4
343 284 3
343 285 5
343 287 1
343 288 4
343 289 3
343 291 2
343 294 3
343 295 1
343 298 3
343 300 3
343 302 4
343 303 4
343 305 3
343 311 4
343 312 1
343 313 4
343 315 4
343 317 4
343 323 3
343 325 4
343 332 3
343 333 4
343 356 2
343 365 1
343 367 3
343 378 1
343 381 2
343 382 4
343 387 1
343 402 4
343 403 4
343 405 3
343 416 4
343 433 4
343 443 4
343 451 3
343 461 2
343 464 5
343 471 3
343 473 3
343 476 2
343 479 4
343 481 4
343 485 4
343 498 4
343 508 4
343 518 4
343 534 5
343 550 3
343 559 2
343 566 4
343 568 4
343 582 4
343 588 4
343 620 1
343 639 4
343 651 4
343 655 4
343 660 4
343 676 1
343 696 1
343 702 1
343 708 4
343 709 1
343 715 1
343 716 1
343 722 1
343 724 1
343 732 3
343 736 1
343 737 2
343 738 1
343 739 3
343 742 3
343 744 4
343 747 2
343 748 3
343 772 3
343 781 1
343 845 3
343 846 1
343 866 3
343 879 3
343 886 4
343 903 4
343 919 1
343 949 1
343 955 2
343 956 1
343 972 4
343 988 1
344 77 4
344 128 2
344 156 4
344 237 4
344 241 4
344 363 3
344 423 4
344 571 3
344 932 2
344 951 2
344 2 3
344 3 3
344 4 4
344 7 4
344 11 4
344 12 5
344 17 2
344 22 5
344 29 2
344 31 4
344 33 4
344 38 3
344 50 5
344 53 2
344 54 4
344 55 4
344 56 5
344 62 4
344 64 5
344 67 2
344 72 4
344 76 2
344 83 4
344 89 4
344 91 3
344 92 4
344 94 3
344 97 4
344 98 4
344 100 5
344 110 2
344 117 4
344 120 2
344 121 4
344 127 4
344 132 4
344 133 4
344 134 4
344 141 3
344 143 4
344 144 4
344 147 4
344 153 4
344 157 4
344 158 2
344 161 3
344 167 2
344 168 4
344 172 4
344 173 4
344 174 5
344 176 4
344 180 4
344 181 4
344 183 4
344 184 3
344 186 4
344 187 4
344 188 4
344 203 4
344 204 4
344 210 4
344 211 4
344 213 4
344 215 4
344 216 4
344 218 4
344 219 2
344 232 3
344 234 5
344 240 3
344 245 3
344 250 4
344 259 2
344 265 4
344 273 4
344 276 3
344 288 4
344 291 4
344 293 4
344 294 3
344 300 4
344 302 4
344 318 4
344 322 4
344 325 3
344 333 3
344 358 3
344 366 3
344 369 2
344 375 1
344 385 4
344 391 2
344 392 2
344 394 1
344 403 4
344 405 3
344 415 2
344 431 4
344 455 3
344 470 3
344 496 4
344 518 4
344 520 4
344 541 3
344 546 3
344 549 4
344 550 3
344 561 2
344 569 3
344 572 3
344 576 3
344 578 3
344 582 5
344 597 3
344 616 3
344 636 3
344 642 3
344 657 4
344 669 2
344 673 4
344 684 4
344 685 4
344 708 3
344 712 3
344 727 3
344 732 4
344 739 3
344 742 4
344 743 1
344 746 4
344 748 4
344 780 2
344 785 3
344 802 2
344 809 3
344 831 2
344 842 3
344 879 3
344 944 2
344 959 5
344 967 1
344 977 3
345 77 5
345 100 3
345 132 5
345 144 5
345 246 4
345 257 4
345 273 5
345 288 5
345 435 5
345 756 2
345 1 4
345 7 4
345 12 5
345 15 3
345 17 1
345 22 5
345 24 3
345 25 4
345 28 4
345 31 3
345 50 5
345 55 4
345 56 4
345 65 2
345 68 1
345 69 4
345 70 3
345 73 2
345 76 1
345 79 4
345 82 4
345 85 1
345 87 4
345 91 2
345 96 4
345 97 4
345 98 4
345 99 5
345 117 4
345 118 3
345 125 4
345 127 4
345 137 4
345 151 4
345 156 1
345 157 1
345 158 1
345 159 1
345 163 1
345 164 2
345 168 4
345 172 5
345 173 4
345 174 5
345 176 4
345 177 2
345 181 4
345 182 4
345 183 4
345 187 4
345 188 3
345 192 1
345 195 4
345 200 4
345 202 4
345 203 4
345 204 4
345 208 4
345 215 4
345 216 4
345 222 4
345 223 1
345 226 3
345 227 4
345 230 4
345 233 1
345 235 2
345 239 1
345 240 2
345 241 3
345 245 3
345 252 3
345 258 4
345 268 4
345 271 4
345 276 4
345 280 2
345 286 3
345 290 3
345 291 2
345 293 1
345 294 4
345 298 3
345 300 3
345 317 3
345 318 5
345 323 3
345 324 3
345 328 4
345 333 5
345 356 2
345 369 1
345 371 1
345 385 4
345 386 1
345 392 1
345 403 4
345 404 1
345 405 3
345 410 3
345 416 1
345 423 5
345 432 4
345 460 1
345 462 4
345 465 2
345 468 1
345 470 1
345 471 3
345 472 3
345 475 4
345 501 4
345 508 3
345 544 1
345 550 2
345 568 4
345 588 4
345 595 1
345 597 3
345 609 2
345 655 4
345 660 4
345 685 3
345 686 1
345 689 1
345 692 3
345 699 1
345 721 1
345 735 4
345 742 4
345 763 3
345 806 1
345 819 1
345 820 2
345 827 1
345 829 1
345 831 1
345 841 1
345 871 1
345 879 1
345 928 1
345 930 1
345 943 1
345 959 1
345 977 1
345 982 1
346 1 4
346 15 4
346 100 4
346 111 5
346 313 5
346 323 5
346 409 4
346 476 4
346 742 4
346 928 5
346 7 4
346 25 3
346 107 1
346 118 3
346 121 3
346 123 3
346 126 2
346 147 4
346 225 2
346 240 2
346 243 2
346 245 3
346 276 4
346 288 3
346 291 2
346 294 3
346 368 1
346 370 1
346 405 3
346 406 1
346 411 3
346 412 1
346 472 3
346 473 3
346 477 3
346 546 3
346 628 4
346 756 2
346 819 1
346 831 1
346 834 1
346 924 1
346 926 1
346 934 1
346 974 1
346 975 1
346 988 1
347 10 5
347 105 2
347 120 3
347 121 2
347 126 2
347 288 3
347 325 3
347 370 2
347 744 2
347 823 4
347 9 4
347 15 3
347 20 1
347 100 4
347 118 3
347 125 3
347 237 4
347 276 3
347 411 3
347 412 3
347 455 4
347 458 1
347 471 4
347 475 3
347 544 1
347 596 3
347 847 3
348 1 4
348 98 4
348 153 3
348 176 4
348 185 5
348 195 5
348 258 3
348 265 2
348 286 5
348 340 4
348 23 4
348 50 4
348 89 5
348 132 4
348 133 4
348 136 1
348 168 4
348 172 4
348 173 4
348 174 4
348 179 4
348 183 5
348 193 4
348 204 4
348 210 4
348 211 4
348 214 1
348 228 4
348 271 2
348 324 3
348 435 4
348 479 4
348 480 4
348 483 5
348 489 3
348 515 4
348 530 1
348 589 1
348 604 2
348 616 2
348 654 4
348 657 4
349 245 3
349 300 5
349 322 5
349 327 5
349 328 4
349 678 4
349 689 4
349 750 5
349 882 5
349 888 4
349 286 4
349 288 3
349 289 3
349 292 4
349 301 4
349 310 4
349 311 3
349 312 2
349 313 5
349 323 3
349 326 4
349 332 3
349 340 4
349 341 1
349 343 3
349 359 1
349 538 4
349 748 3
349 751 3
349 754 3
349 873 1
349 879 3
349 880 3
349 984 1
349 989 1
349 990 2
350 12 4
350 17 2
350 50 5
350 55 1
350 56 5
350 82 3
350 86 4
350 98 5
350 172 5
350 657 4
350 4 4
350 7 4
350 39 3
350 79 4
350 89 4
350 92 4
350 96 4
350 100 4
350 129 4
350 144 4
350 156 4
350 173 4
350 176 4
350 181 4
350 182 4
350 183 5
350 194 4
350 195 4
350 216 4
350 228 4
350 234 4
350 273 3
350 302 4
350 385 4
350 568 4
350 653 4
350 692 4
350 746 4
351 245 4
351 258 5
351 260 1
351 270 2
351 271 2
351 286 5
351 315 4
351 316 5
351 326 2
351 333 4
351 272 4
351 300 4
351 301 4
351 327 3
351 328 3
351 331 4
351 332 3
351 340 4
351 343 2
351 346 3
351 358 3
351 750 4
351 905 3
352 14 4
352 20 5
352 81 3
352 89 4
352 100 5
352 169 3
352 173 3
352 286 4
352 558 4
352 664 5
352 7 4
352 9 4
352 19 1
352 25 3
352 32 2
352 42 3
352 47 4
352 50 4
352 52 1
352 57 1
352 58 4
352 59 1
352 60 2
352 61 1
352 66 3
352 70 3
352 79 4
352 83 3
352 86 2
352 87 4
352 88 3
352 93 4
352 98 4
352 109 3
352 116 3
352 124 4
352 131 1
352 133 4
352 134 4
352 135 4
352 136 1
352 137 4
352 143 4
352 149 1
352 151 4
352 152 2
352 153 4
352 154 4
352 155 2
352 162 1
352 166 1
352 168 4
352 171 1
352 174 5
352 175 4
352 180 5
352 186 4
352 189 1
352 190 4
352 191 4
352 193 4
352 197 4
352 199 5
352 202 4
352 208 4
352 209 5
352 211 4
352 213 4
352 216 4
352 238 4
352 241 3
352 242 3
352 246 4
352 248 3
352 251 1
352 255 3
352 257 3
352 258 4
352 268 4
352 269 4
352 270 3
352 272 4
352 275 4
352 276 4
352 281 3
352 285 4
352 287 1
352 297 3
352 303 4
352 305 4
352 306 2
352 308 2
352 311 1
352 313 4
352 318 4
352 321 3
352 344 2
352 381 1
352 382 3
352 387 1
352 414 2
352 419 3
352 421 3
352 423 4
352 428 4
352 429 1
352 435 4
352 462 3
352 463 1
352 464 1
352 473 3
352 478 2
352 479 4
352 480 4
352 483 5
352 485 3
352 487 1
352 489 1
352 494 1
352 496 4
352 497 1
352 498 5
352 507 1
352 508 3
352 509 2
352 511 4
352 513 3
352 515 4
352 516 1
352 518 3
352 520 1
352 528 4
352 529 2
352 531 4
352 533 1
352 582 4
352 584 1
352 602 2
352 603 4
352 604 2
352 605 1
352 606 1
352 607 1
352 629 2
352 631 1
352 638 1
352 650 1
352 651 4
352 652 1
352 657 4
352 659 1
352 660 4
352 661 1
352 692 4
352 694 2
352 699 1
352 702 2
352 705 3
352 707 1
352 709 1
352 716 2
352 732 4
352 733 5
352 735 4
352 736 1
352 737 2
352 740 1
352 753 3
352 792 1
352 811 1
352 847 1
352 855 1
352 863 1
352 865 5
352 882 1
352 889 1
352 900 1
352 904 1
352 929 1
352 953 1
352 955 2
352 956 1
352 958 1
352 962 1
353 242 4
353 286 5
353 288 5
353 300 4
353 310 4
353 324 4
353 329 3
353 336 4
353 360 4
353 872 4
353 260 1
353 264 1
353 271 3
353 306 1
353 307 4
353 328 3
353 358 3
353 681 1
353 882 1
354 272 5
354 286 3
354 292 3
354 310 3
354 313 5
354 315 4
354 328 4
354 333 5
354 347 4
354 892 1
354 300 3
354 307 3
354 312 2
354 316 4
354 326 4
354 331 3
354 689 2
354 748 3
354 937 1
355 117 5
355 147 5
355 258 4
355 294 4
355 326 5
355 411 3
355 744 5
355 864 5
355 928 4
355 977 5
355 1 4
355 7 3
355 10 1
355 24 3
355 105 1
355 111 3
355 118 3
355 123 3
355 125 4
355 126 5
355 150 4
355 151 4
355 220 1
355 222 4
355 235 2
355 237 4
355 245 4
355 270 4
355 273 4
355 274 3
355 275 4
355 280 3
355 284 3
355 287 1
355 291 3
355 304 4
355 322 4
355 334 1
355 405 3
355 407 1
355 455 1
355 456 1
355 471 3
355 472 4
355 473 3
355 476 3
355 546 3
355 595 2
355 597 3
355 685 4
355 687 1
355 713 1
355 742 4
355 760 2
355 819 1
355 820 3
355 831 1
355 833 1
355 866 4
355 932 1
355 984 2
356 59 4
356 65 4
356 127 1
356 174 1
356 268 3
356 318 5
356 512 5
356 638 3
356 666 3
356 863 5
356 8 4
356 132 4
356 179 4
356 213 4
356 324 3
356 357 4
356 382 2
356 469 1
356 482 4
356 511 4
356 529 1
356 558 1
356 582 3
356 584 1
356 639 1
356 643 1
356 855 1
356 896 1
356 918 1
357 24 3
357 117 4
357 121 4
357 246 3
357 270 4
357 273 4
357 323 3
357 546 3
357 751 4
357 831 3
357 1 4
357 7 4
357 118 3
357 181 5
357 250 4
357 268 4
357 286 4
357 295 4
357 298 3
357 313 5
357 405 3
357 408 2
357 455 3
357 472 3
357 748 3
358 100 5
358 124 5
358 127 5
358 283 4
358 483 5
358 496 3
358 511 5
358 531 4
358 582 4
358 748 2
358 1 4
358 10 3
358 13 4
358 14 4
358 23 5
358 25 3
358 28 4
358 45 3
358 50 4
358 56 4
358 64 5
358 79 4
358 116 4
358 134 4
358 157 4
358 165 1
358 166 1
358 170 4
358 172 4
358 174 5
358 181 4
358 187 5
358 191 4
358 194 4
358 195 4
358 197 4
358 199 4
358 205 4
358 207 1
358 210 4
358 222 3
358 237 3
358 238 4
358 242 3
358 248 4
358 251 1
358 269 4
358 271 3
358 275 4
358 284 3
358 286 4
358 297 1
358 302 4
358 303 4
358 304 4
358 306 3
358 308 2
358 309 2
358 321 3
358 326 3
358 328 3
358 334 1
358 357 5
358 405 3
358 423 4
358 479 4
358 515 5
358 521 3
358 523 4
358 588 4
358 654 4
358 661 3
358 663 3
358 735 4
358 744 4
358 845 3
358 933 1
358 936 5
358 963 1
359 49 3
359 70 4
359 165 5
359 213 5
359 333 2
359 402 3
359 652 4
359 655 3
359 707 4
359 727 3
359 12 4
359 14 5
359 23 4
359 26 1
359 53 1
359 55 4
359 56 4
359 59 2
359 60 1
359 66 4
359 79 4
359 83 4
359 86 4
359 88 4
359 90 1
359 97 3
359 98 4
359 100 4
359 111 4
359 129 1
359 148 1
359 150 4
359 156 3
359 166 1
359 168 4
359 170 2
359 173 4
359 176 4
359 178 3
359 179 4
359 183 4
359 185 4
359 186 4
359 190 4
359 197 4
359 203 4
359 204 3
359 207 1
359 212 1
359 216 4
359 218 3
359 222 4
359 228 4
359 234 4
359 237 4
359 238 4
359 258 4
359 269 4
359 273 4
359 274 4
359 275 4
359 276 3
359 286 4
359 340 3
359 387 1
359 421 3
359 430 2
359 435 4
359 451 4
359 466 1
359 475 3
359 498 3
359 502 1
359 504 1
359 513 1
359 514 4
359 517 3
359 524 4
359 525 2
359 531 3
359 611 1
359 639 3
359 654 4
359 657 3
359 659 1
359 673 1
359 684 4
359 694 2
359 705 4
359 709 2
359 737 2
359 739 3
359 742 4
359 762 3
359 770 1
359 781 1
359 794 1
359 813 3
359 934 1
359 949 2
360 264 1
360 268 2
360 313 4
360 322 3
360 323 2
360 332 5
360 333 5
360 336 2
360 689 5
360 748 1
360 245 3
360 258 4
360 288 3
360 294 3
360 300 4
360 302 4
360 312 3
360 328 4
360 350 1
361 54 3
361 69 3
361 143 2
361 185 5
361 435 3
361 518 4
361 557 1
361 657 5
361 849 2
361 919 5
361 1 4
361 2 2
361 4 4
361 5 1
361 7 4
361 9 4
361 11 4
361 22 4
361 29 3
361 32 4
361 37 2
361 38 2
361 44 2
361 47 4
361 50 4
361 55 3
361 56 4
361 58 4
361 62 3
361 65 1
361 66 3
361 67 3
361 68 3
361 70 3
361 71 4
361 72 3
361 73 2
361 77 3
361 79 4
361 81 2
361 82 3
361 87 4
361 88 3
361 89 4
361 90 2
361 91 4
361 93 4
361 95 3
361 96 4
361 97 4
361 98 4
361 101 1
361 102 2
361 114 2
361 117 3
361 120 1
361 121 4
361 128 1
361 134 4
361 137 5
361 144 4
361 145 2
361 151 4
361 152 1
361 154 4
361 155 3
361 156 4
361 159 1
361 161 3
361 163 1
361 164 4
361 169 3
361 171 4
361 172 4
361 173 4
361 174 5
361 179 4
361 182 4
361 183 4
361 184 3
361 186 4
361 187 4
361 188 3
361 189 2
361 193 4
361 195 4
361 196 4
361 200 3
361 201 3
361 204 4
361 206 2
361 208 4
361 210 4
361 212 1
361 215 3
361 216 4
361 217 3
361 218 3
361 222 4
361 226 3
361 227 3
361 228 4
361 229 3
361 231 3
361 234 4
361 235 3
361 237 4
361 248 3
361 250 4
361 258 4
361 264 1
361 265 4
361 270 1
361 271 3
361 282 3
361 283 1
361 284 3
361 288 4
361 290 1
361 293 2
361 298 1
361 307 2
361 315 1
361 316 1
361 317 3
361 322 2
361 325 2
361 328 3
361 333 3
361 336 2
361 346 1
361 347 1
361 350 3
361 351 1
361 366 3
361 370 2
361 380 2
361 387 1
361 391 2
361 393 3
361 402 4
361 403 4
361 405 3
361 408 2
361 417 1
361 423 4
361 426 4
361 428 4
361 429 3
361 431 4
361 433 4
361 443 4
361 444 4
361 448 1
361 449 3
361 451 4
361 461 1
361 469 4
361 472 1
361 473 1
361 474 5
361 505 2
361 506 3
361 511 4
361 523 5
361 531 4
361 537 4
361 546 3
361 550 3
361 552 1
361 554 1
361 555 4
361 559 2
361 561 2
361 566 4
361 568 3
361 569 1
361 571 3
361 572 1
361 575 1
361 578 1
361 588 4
361 590 1
361 591 3
361 597 3
361 603 4
361 616 2
361 625 2
361 631 1
361 640 3
361 650 1
361 651 4
361 653 4
361 658 3
361 660 4
361 665 3
361 673 1
361 675 2
361 678 2
361 679 1
361 682 1
361 685 1
361 691 1
361 698 2
361 699 1
361 707 1
361 709 1
361 710 2
361 719 3
361 735 4
361 741 3
361 742 3
361 746 1
361 747 1
361 752 1
361 760 1
361 761 1
361 767 1
361 774 1
361 778 2
361 792 1
361 802 1
361 805 1
361 809 3
361 816 1
361 825 1
361 831 1
361 854 1
361 859 1
361 895 1
361 906 2
361 933 1
361 940 1
361 946 2
361 959 2
361 979 1
362 261 2
362 262 3
362 269 4
362 286 5
362 294 5
362 302 4
362 325 4
362 690 4
362 948 4
362 990 4
362 288 3
362 289 3
362 319 3
362 321 3
362 875 1
362 988 1
363 15 3
363 100 5
363 235 2
363 269 4
363 276 2
363 289 3
363 340 5
363 342 2
363 762 4
363 895 4
363 1 4
363 7 4
363 13 4
363 25 3
363 109 3
363 124 4
363 125 3
363 137 5
363 150 4
363 151 3
363 222 4
363 258 4
363 268 4
363 271 3
363 272 4
363 275 4
363 277 2
363 285 4
363 287 2
363 288 4
363 294 3
363 301 4
363 309 1
363 315 3
363 316 3
363 321 4
363 326 4
363 352 4
363 473 3
363 476 2
363 591 3
363 742 3
363 813 2
363 846 2
363 894 1
363 908 1
363 948 2
363 995 3
364 7 2
364 53 5
364 56 5
364 185 5
364 200 5
364 436 5
364 443 5
364 447 5
364 573 5
364 671 5
364 98 5
364 164 1
364 184 1
364 201 3
364 217 2
364 218 4
364 219 1
364 234 4
364 413 1
364 445 1
364 448 1
364 559 3
364 561 1
364 672 1
364 853 1
364 854 1
364 860 1
365 7 5
365 100 5
365 164 4
365 219 4
365 334 4
365 551 3
365 561 4
365 563 4
365 564 2
365 774 4
365 5 2
365 17 3
365 50 4
365 53 3
365 56 5
365 98 4
365 145 2
365 176 4
365 179 4
365 183 4
365 184 3
365 200 4
365 201 3
365 218 4
365 234 4
365 246 4
365 250 4
365 258 4
365 288 4
365 302 4
365 324 3
365 326 3
365 333 4
365 379 1
365 406 1
365 413 2
365 436 4
365 441 2
365 443 4
365 448 3
365 452 1
365 559 3
365 567 1
365 637 3
365 665 3
365 670 4
365 672 2
365 760 2
365 769 1
365 800 2
365 919 3
366 50 4
366 96 3
366 145 2
366 183 5
366 219 2
366 288 3
366 292 4
366 436 3
366 551 4
366 777 2
366 11 4
366 17 3
366 56 4
366 89 4
366 98 4
366 100 4
366 127 4
366 181 4
366 184 3
366 201 3
366 217 2
366 218 3
366 234 4
366 313 4
366 320 1
366 379 3
366 396 3
366 561 1
366 567 1
366 569 2
366 637 3
366 670 4
366 672 2
366 774 1
367 114 5
367 168 3
367 268 5
367 271 5
367 316 5
367 751 4
367 752 4
367 900 4
367 919 5
367 948 2
367 50 4
367 166 1
367 172 4
367 179 4
367 181 4
367 243 2
367 346 4
367 358 3
367 890 3
367 988 1
368 52 4
368 64 4
368 100 4
368 107 4
368 199 4
368 238 4
368 322 3
368 435 3
368 631 4
368 678 4
368 12 4
368 22 4
368 31 4
368 42 3
368 50 4
368 56 4
368 98 4
368 114 4
368 116 3
368 134 4
368 135 4
368 136 1
368 153 4
368 172 4
368 174 4
368 175 4
368 176 4
368 181 4
368 183 4
368 193 4
368 195 4
368 209 4
368 210 4
368 222 4
368 257 4
368 265 4
368 269 3
368 285 4
368 294 3
368 321 3
368 323 3
368 423 4
368 425 3
368 433 4
368 443 4
368 480 4
368 484 4
368 493 1
368 494 3
368 497 2
368 511 4
368 514 4
368 525 4
368 603 4
368 604 1
368 607 3
368 608 2
368 613 1
368 657 4
368 659 1
368 661 1
368 705 2
368 856 1
368 923 4
369 42 3
369 79 5
369 185 3
369 186 5
369 234 5
369 357 5
369 423 5
369 504 4
369 527 5
369 663 5
369 1 4
369 22 5
369 24 3
369 50 5
369 55 3
369 64 5
369 69 4
369 77 4
369 97 4
369 98 4
369 117 4
369 174 5
369 175 4
369 177 3
369 179 3
369 180 3
369 181 4
369 183 4
369 194 4
369 197 4
369 210 4
369 237 4
369 265 4
369 393 4
369 431 3
369 435 4
369 443 4
369 449 3
369 452 1
369 523 4
369 627 2
369 655 4
369 746 3
370 164 4
370 183 5
370 286 5
370 333 5
370 448 4
370 452 4
370 559 4
370 581 5
370 635 5
370 696 4
370 5 3
370 12 5
370 23 4
370 44 4
370 56 5
370 77 3
370 79 4
370 98 4
370 100 4
370 129 4
370 148 3
370 159 3
370 176 4
370 185 4
370 200 4
370 201 2
370 218 3
370 219 2
370 262 2
370 288 4
370 299 3
370 322 3
370 325 4
370 327 4
370 332 4
370 436 2
370 441 1
370 443 4
370 446 3
370 447 3
370 547 1
370 561 2
370 574 1
370 595 1
370 628 4
370 637 2
370 649 2
370 672 3
370 674 3
370 678 3
370 874 1
370 875 1
371 71 5
371 169 5
371 204 5
371 380 4
371 385 3
371 432 5
371 496 5
371 596 3
371 633 4
371 734 3
371 2 3
371 4 4
371 12 5
371 15 4
371 20 1
371 22 4
371 24 3
371 25 3
371 28 4
371 31 4
371 48 4
371 50 4
371 58 4
371 64 5
371 66 4
371 68 3
371 70 3
371 80 3
371 81 1
371 82 3
371 83 4
371 89 4
371 90 3
371 94 3
371 95 4
371 96 4
371 97 4
371 99 4
371 100 4
371 102 2
371 105 3
371 110 2
371 114 1
371 117 4
371 127 4
371 132 4
371 136 3
371 139 2
371 142 2
371 143 4
371 144 4
371 150 3
371 151 4
371 154 4
371 155 3
371 156 3
371 161 4
371 162 1
371 163 1
371 165 4
371 166 1
371 172 4
371 173 4
371 175 4
371 177 4
371 179 4
371 180 4
371 181 4
371 184 3
371 186 4
371 189 1
371 191 4
371 194 4
371 195 4
371 196 4
371 197 4
371 202 4
371 206 3
371 208 4
371 209 4
371 210 4
371 211 4
371 213 4
371 214 2
371 215 4
371 217 2
371 225 3
371 226 4
371 228 4
371 230 3
371 232 3
371 239 1
371 241 3
371 259 2
371 265 4
371 269 3
371 275 4
371 278 1
371 281 3
371 286 4
371 290 2
371 318 4
371 357 4
371 366 2
371 378 2
371 382 3
371 386 2
371 389 2
371 390 5
371 392 1
371 393 3
371 399 3
371 401 2
371 402 4
371 403 3
371 404 3
371 409 2
371 414 2
371 417 1
371 418 3
371 420 2
371 421 1
371 423 4
371 427 4
371 431 3
371 433 4
371 435 4
371 451 3
371 472 4
371 474 4
371 480 4
371 485 4
371 487 3
371 488 3
371 494 1
371 497 1
371 499 1
371 506 2
371 510 4
371 514 4
371 520 3
371 527 4
371 550 4
371 553 3
371 559 1
371 566 4
371 568 3
371 571 1
371 577 3
371 588 4
371 598 1
371 603 4
371 625 2
371 627 1
371 645 1
371 648 3
371 649 2
371 651 4
371 655 4
371 658 2
371 660 4
371 679 2
371 694 1
371 699 1
371 704 1
371 705 4
371 707 2
371 709 3
371 715 1
371 724 3
371 727 5
371 729 1
371 732 3
371 746 2
371 747 1
371 748 3
371 756 3
371 778 1
371 828 1
371 842 1
371 843 5
371 849 1
371 941 1
371 946 3
371 949 1
372 2 4
372 38 4
372 124 3
372 172 3
372 393 4
372 696 3
372 758 1
372 763 3
372 832 1
372 948 2
372 1 4
372 5 1
372 7 4
372 9 4
372 11 4
372 12 5
372 15 4
372 17 1
372 23 5
372 24 3
372 28 4
372 29 1
372 39 1
372 48 3
372 50 4
372 56 4
372 64 5
372 66 2
372 68 3
372 69 4
372 70 4
372 71 4
372 77 4
372 87 1
372 89 4
372 95 4
372 97 4
372 98 5
372 100 5
372 106 1
372 111 3
372 116 2
372 118 3
372 120 1
372 121 3
372 122 1
372 123 3
372 125 4
372 126 3
372 127 3
372 129 3
372 135 4
372 143 4
372 144 5
372 147 3
372 148 1
372 150 4
372 151 4
372 156 4
372 159 1
372 161 4
372 162 1
372 168 4
372 173 4
372 174 5
372 176 5
372 182 5
372 183 5
372 185 5
372 186 4
372 192 1
372 195 4
372 197 4
372 200 4
372 202 3
372 204 5
372 210 4
372 216 4
372 218 4
372 222 4
372 223 1
372 225 4
372 226 2
372 228 4
372 229 3
372 230 4
372 231 2
372 233 1
372 234 4
372 235 2
372 237 4
372 240 3
372 247 5
372 248 4
372 252 4
372 254 1
372 257 3
372 265 5
372 279 2
372 280 1
372 282 4
372 284 2
372 289 3
372 291 3
372 292 3
372 310 1
372 318 4
372 322 2
372 323 3
372 356 1
372 363 1
372 369 1
372 385 5
372 403 3
372 405 4
372 412 1
372 423 4
372 424 1
372 427 5
372 449 1
372 450 1
372 454 1
372 458 1
372 463 1
372 465 1
372 466 1
372 467 1
372 468 1
372 475 4
372 476 3
372 483 5
372 521 1
372 527 4
372 540 1
372 544 1
372 550 1
372 552 3
372 554 1
372 558 4
372 566 4
372 568 4
372 572 1
372 576 1
372 581 1
372 591 4
372 619 1
372 620 3
372 628 3
372 637 4
372 642 1
372 651 4
372 665 2
372 685 4
372 692 4
372 717 1
372 735 1
372 741 1
372 742 4
372 743 1
372 756 1
372 761 1
372 762 3
372 770 1
372 789 1
372 815 1
372 819 1
372 820 2
372 824 1
372 844 3
372 845 3
372 846 1
372 872 1
372 880 1
372 924 1
372 928 1
372 930 1
372 931 1
372 932 1
372 934 1
372 952 1
372 963 1
372 974 1
372 975 1
372 977 1
372 978 1
372 979 2
372 983 2
372 986 2
373 39 3
373 77 4
373 183 5
373 185 5
373 218 3
373 300 4
373 525 4
373 566 4
373 684 4
373 770 3
373 5 2
373 44 3
373 176 4
373 233 3
373 288 4
373 302 4
373 356 4
373 443 4
373 573 3
373 583 2
373 603 4
373 761 2
373 773 1
373 939 2
374 14 4
374 111 4
374 237 3
374 246 3
374 268 3
374 289 3
374 321 3
374 357 4
374 514 4
374 762 4
374 11 4
374 98 4
374 154 4
374 181 4
374 197 5
374 198 4
374 223 5
374 269 4
374 274 4
374 275 4
374 288 3
374 301 3
374 328 3
374 427 4
374 603 4
374 663 4
374 707 3
375 7 4
375 100 3
375 194 5
375 200 5
375 258 4
375 271 4
375 288 5
375 508 4
375 751 3
375 895 3
375 56 4
375 98 4
375 154 3
375 164 1
375 168 4
375 173 4
375 219 1
375 234 4
375 268 4
375 272 4
375 313 4
375 316 1
375 323 3
375 338 1
375 354 1
375 358 1
375 443 4
375 682 3
375 748 3
376 53 3
376 133 5
376 203 4
376 220 2
376 304 4
376 367 3
376 450 3
376 727 4
376 736 4
376 744 3
376 1 4
376 2 2
376 4 4
376 5 3
376 7 4
376 8 4
376 9 4
376 10 3
376 11 4
376 12 5
376 13 4
376 14 5
376 15 4
376 21 2
376 22 4
376 28 4
376 29 3
376 31 4
376 40 3
376 42 4
376 43 2
376 48 5
376 49 3
376 50 5
376 52 4
376 54 3
376 58 4
376 59 5
376 62 3
376 63 2
376 65 4
376 66 3
376 68 4
376 70 4
376 73 3
376 77 4
376 79 4
376 86 4
376 87 4
376 88 4
376 89 5
376 91 3
376 94 4
376 95 4
376 99 4
376 100 5
376 106 3
376 110 2
376 111 4
376 117 4
376 121 4
376 123 3
376 125 3
376 126 3
376 132 4
376 135 4
376 141 3
376 143 4
376 144 4
376 148 3
376 151 4
376 153 4
376 155 4
376 157 4
376 159 4
376 161 4
376 162 4
376 167 3
376 172 4
376 173 4
376 174 5
376 175 4
376 176 4
376 179 4
376 180 4
376 181 4
376 182 4
376 186 4
376 191 4
376 194 4
376 195 4
376 196 4
376 197 5
376 200 4
376 202 4
376 207 2
376 210 4
376 213 4
376 215 4
376 217 2
376 218 4
376 222 4
376 223 5
376 226 3
376 227 3
376 230 3
376 231 2
376 233 2
376 234 4
376 235 3
376 237 3
376 239 3
376 241 4
376 245 3
376 248 4
376 252 3
376 254 1
376 255 3
376 257 3
376 258 4
376 269 4
376 272 4
376 273 4
376 274 4
376 275 4
376 276 3
376 277 1
376 280 3
376 281 3
376 282 3
376 283 4
376 284 3
376 285 3
376 286 4
376 288 3
376 289 3
376 294 3
376 295 2
376 298 3
376 300 4
376 301 3
376 302 4
376 317 3
376 318 4
376 319 2
376 321 3
376 326 2
376 328 3
376 356 3
376 365 1
376 380 4
376 381 3
376 382 4
376 385 4
376 386 3
376 387 3
376 392 4
376 393 3
376 396 3
376 401 3
376 403 3
376 404 4
376 405 3
376 409 3
376 410 3
376 411 4
376 417 2
376 418 4
376 419 4
376 420 3
376 423 4
376 432 3
376 433 4
376 435 5
376 447 4
376 449 4
376 451 3
376 458 1
376 465 3
376 468 4
376 469 3
376 471 3
376 476 2
376 479 4
376 482 4
376 485 4
376 496 4
376 500 4
376 501 4
376 508 3
376 509 4
376 517 4
376 527 4
376 528 4
376 542 2
376 546 3
376 549 4
376 554 1
376 559 3
376 566 4
376 568 4
376 572 3
376 575 2
376 576 3
376 582 4
376 591 4
376 596 3
376 597 3
376 606 4
376 619 1
376 620 1
376 623 2
376 629 4
376 631 3
376 632 4
376 635 2
376 636 3
376 651 5
376 655 4
376 663 4
376 665 2
376 674 2
376 684 4
376 686 4
376 692 4
376 693 4
376 694 4
376 696 2
376 699 3
376 702 3
376 703 4
376 707 3
376 708 3
376 709 4
376 715 4
376 716 2
376 720 3
376 722 3
376 723 3
376 724 4
376 729 4
376 731 4
376 732 4
376 734 3
376 739 4
376 742 3
376 747 3
376 755 3
376 756 3
376 762 2
376 768 2
376 775 3
376 778 4
376 780 3
376 787 1
376 792 4
376 793 1
376 796 3
376 806 5
376 807 1
376 845 4
376 866 3
376 875 1
376 896 4
376 918 3
376 921 5
376 924 1
376 926 3
376 928 1
376 930 1
376 939 4
376 942 5
376 951 3
376 959 5
376 961 4
376 969 5
376 972 4
376 977 1
376 979 1
377 1 4
377 2 3
377 12 5
377 144 5
377 164 4
377 271 3
377 401 3
377 496 5
377 504 5
377 736 4
377 4 4
377 8 4
377 9 5
377 23 4
377 50 5
377 52 1
377 54 3
377 56 4
377 62 3
377 63 3
377 64 5
377 69 4
377 79 4
377 82 3
377 83 4
377 88 4
377 89 4
377 90 2
377 93 4
377 96 4
377 98 4
377 100 5
377 116 3
377 124 4
377 127 4
377 131 1
377 133 4
377 135 4
377 137 4
377 141 4
377 152 1
377 153 4
377 157 4
377 158 3
377 161 4
377 163 1
377 168 4
377 172 4
377 173 4
377 174 5
377 176 4
377 177 4
377 178 4
377 179 4
377 183 5
377 186 4
377 187 4
377 188 3
377 191 4
377 192 2
377 193 4
377 194 4
377 195 4
377 196 4
377 199 5
377 200 4
377 202 4
377 203 4
377 204 4
377 205 1
377 208 4
377 210 4
377 211 4
377 216 4
377 219 2
377 227 3
377 230 4
377 233 3
377 238 4
377 239 3
377 251 4
377 257 4
377 270 4
377 284 3
377 285 5
377 294 3
377 300 4
377 306 3
377 310 3
377 331 3
377 339 3
377 357 4
377 372 1
377 381 2
377 383 1
377 385 4
377 391 2
377 393 4
377 395 1
377 398 1
377 402 4
377 405 3
377 414 1
377 417 1
377 419 3
377 427 5
377 428 1
377 434 1
377 436 3
377 443 4
377 447 4
377 448 3
377 451 4
377 452 3
377 461 2
377 480 4
377 502 2
377 511 4
377 514 4
377 516 2
377 517 1
377 520 4
377 522 1
377 523 4
377 527 4
377 528 4
377 529 3
377 530 3
377 554 2
377 559 3
377 563 2
377 566 4
377 568 4
377 575 2
377 576 3
377 603 4
377 616 2
377 622 4
377 631 3
377 636 2
377 637 1
377 644 4
377 649 4
377 651 4
377 654 4
377 655 4
377 659 1
377 674 3
377 684 4
377 686 3
377 701 4
377 704 3
377 705 4
377 710 1
377 712 4
377 729 2
377 732 4
377 735 3
377 746 1
377 842 1
377 855 4
378 7 3
378 64 3
378 180 2
378 306 4
378 529 3
378 549 3
378 570 3
378 582 4
378 629 2
378 652 3
378 1 4
378 9 4
378 12 4
378 22 4
378 28 4
378 31 4
378 38 3
378 58 4
378 59 1
378 60 2
378 61 1
378 62 3
378 69 4
378 71 4
378 81 3
378 95 4
378 98 4
378 100 4
378 109 4
378 114 5
378 118 2
378 121 4
378 132 4
378 134 4
378 135 4
378 139 4
378 152 2
378 154 4
378 161 4
378 163 1
378 168 4
378 170 4
378 172 4
378 176 4
378 177 4
378 181 4
378 182 4
378 183 5
378 185 4
378 186 4
378 190 4
378 194 4
378 197 4
378 204 4
378 208 4
378 213 4
378 215 4
378 217 1
378 222 4
378 228 4
378 229 4
378 238 4
378 241 4
378 258 4
378 265 4
378 270 1
378 286 4
378 300 4
378 313 5
378 315 1
378 340 3
378 356 2
378 357 4
378 382 4
378 414 1
378 416 3
378 419 4
378 423 5
378 425 4
378 427 5
378 428 2
378 433 4
378 435 4
378 443 4
378 449 3
378 462 4
378 463 1
378 465 2
378 474 4
378 479 5
378 483 4
378 496 5
378 502 1
378 506 1
378 512 1
378 515 5
378 518 1
378 521 1
378 527 4
378 530 1
378 554 1
378 561 1
378 566 4
378 573 1
378 587 1
378 614 2
378 630 1
378 631 1
378 651 4
378 654 4
378 663 2
378 664 3
378 665 3
378 670 1
378 684 4
378 699 4
378 708 2
378 709 3
378 712 1
378 729 1
378 732 3
378 736 3
378 744 2
378 750 1
378 751 3
378 753 4
378 770 1
378 856 1
378 923 4
378 956 4
378 959 4
379 79 3
379 95 4
379 121 2
379 176 4
379 459 4
379 517 4
379 525 5
379 855 3
379 931 4
379 961 3
379 1 4
379 13 4
379 14 4
379 15 3
379 16 2
379 20 2
379 30 2
379 49 1
379 50 5
379 59 2
379 77 3
379 83 4
379 89 4
379 94 3
379 97 3
379 99 4
379 100 5
379 102 1
379 129 4
379 132 4
379 133 4
379 134 4
379 135 4
379 139 1
379 150 4
379 151 4
379 175 4
379 178 3
379 191 4
379 212 1
379 214 2
379 216 4
379 217 3
379 228 4
379 259 2
379 276 4
379 281 3
379 283 4
379 294 3
379 303 1
379 304 1
379 318 4
379 344 2
379 378 1
379 403 3
379 418 2
379 432 3
379 443 4
379 462 4
379 473 3
379 479 4
379 485 3
379 487 1
379 493 1
379 495 1
379 498 4
379 501 4
379 509 3
379 512 1
379 514 4
379 526 1
379 529 1
379 566 3
379 582 3
379 607 1
379 631 1
379 634 1
379 640 1
379 647 1
379 652 2
379 656 2
379 657 4
379 660 3
379 673 1
379 682 1
379 693 3
379 694 2
379 705 2
379 724 1
379 742 3
379 771 1
379 778 1
379 847 1
379 887 1
379 898 2
379 914 2
379 934 1
379 995 1
380 14 3
380 23 5
380 50 1
380 98 3
380 150 2
380 177 4
380 481 5
380 508 3
380 531 4
380 639 3
380 7 4
380 9 5
380 25 4
380 56 4
380 100 5
380 122 1
380 127 4
380 134 4
380 135 4
380 137 5
380 171 1
380 180 2
380 183 4
380 197 5
380 258 4
380 276 4
380 290 1
380 332 1
380 334 2
380 357 4
380 474 4
380 475 4
380 482 3
380 504 2
380 507 1
380 511 4
380 546 2
380 717 1
381 135 5
381 180 5
381 321 5
381 340 5
381 345 2
381 496 5
381 514 5
381 517 5
381 531 3
381 603 5
381 9 5
381 14 4
381 19 1
381 58 4
381 81 4
381 86 4
381 89 4
381 100 4
381 132 4
381 134 5
381 137 4
381 182 4
381 193 4
381 197 5
381 203 4
381 205 4
381 223 4
381 237 4
381 238 4
381 268 4
381 272 3
381 285 5
381 302 3
381 313 4
381 315 4
381 319 3
381 357 5
381 425 4
381 427 3
381 435 5
381 464 2
381 474 4
381 475 5
381 478 4
381 479 4
381 480 3
381 483 4
381 484 4
381 504 4
381 505 1
381 513 1
381 639 2
381 641 4
381 654 4
381 657 4
381 663 2
382 271 4
382 272 5
382 300 4
382 328 4
382 347 4
382 355 4
382 689 4
382 751 4
382 878 4
382 989 4
382 289 3
382 302 4
382 313 5
382 316 5
382 327 3
382 329 1
382 333 4
382 343 2
382 748 3
383 42 1
383 135 3
383 482 3
383 498 3
383 500 4
383 507 3
383 520 3
383 526 3
383 663 4
383 767 1
383 4 3
383 8 4
383 12 4
383 18 1
383 24 3
383 29 1
383 32 1
383 37 1
383 46 1
383 47 4
383 48 5
383 50 5
383 53 1
383 56 5
383 58 4
383 59 1
383 61 1
383 79 4
383 81 1
383 82 4
383 87 4
383 89 4
383 93 1
383 98 4
383 99 4
383 111 4
383 114 1
383 122 2
383 127 3
383 128 1
383 129 1
383 131 3
383 133 4
383 134 4
383 136 1
383 143 4
383 144 4
383 145 1
383 151 3
383 152 1
383 153 5
383 156 4
383 160 1
383 168 3
383 169 1
383 171 1
383 172 5
383 173 5
383 174 5
383 175 4
383 177 4
383 180 3
383 181 5
383 183 5
383 185 4
383 186 3
383 187 4
383 189 1
383 191 4
383 192 1
383 194 4
383 195 4
383 199 4
383 200 3
383 207 1
383 208 4
383 209 3
383 211 4
383 216 4
383 217 3
383 218 4
383 219 1
383 221 1
383 224 1
383 235 1
383 236 2
383 238 4
383 249 1
383 250 5
383 253 1
383 254 1
383 256 1
383 257 5
383 262 1
383 273 4
383 276 4
383 283 5
383 285 1
383 286 4
383 290 1
383 293 1
383 304 1
383 305 4
383 318 4
383 320 1
383 325 2
383 337 1
383 340 1
383 346 5
383 347 2
383 367 3
383 383 2
383 384 1
383 385 3
383 403 4
383 405 4
383 408 1
383 417 1
383 419 3
383 423 5
383 425 1
383 427 5
383 428 2
383 429 1
383 430 1
383 433 3
383 435 4
383 443 3
383 444 1
383 447 2
383 451 4
383 455 3
383 458 1
383 461 1
383 462 4
383 473 5
383 474 5
383 479 4
383 480 4
383 483 5
383 484 1
383 485 5
383 486 1
383 487 1
383 489 1
383 492 1
383 496 4
383 502 5
383 503 1
383 506 1
383 508 4
383 511 4
383 512 1
383 521 1
383 523 4
383 524 1
383 525 1
383 529 1
383 557 1
383 603 4
383 604 1
383 606 1
383 616 1
383 629 1
383 631 3
383 650 1
383 652 2
383 653 1
383 654 4
383 657 5
383 658 5
383 659 1
383 661 2
383 664 1
383 673 1
383 674 3
383 675 1
383 705 4
383 719 3
383 727 1
383 732 4
383 739 4
383 745 5
383 794 3
383 811 4
383 851 5
383 855 1
383 865 5
383 871 1
383 896 3
383 900 1
383 919 1
383 922 4
383 940 3
383 942 1
383 945 5
383 959 1
383 961 1
383 965 2
384 7 3
384 50 4
384 117 5
384 121 3
384 127 5
384 222 4
384 685 4
384 833 3
384 840 5
384 982 3
384 24 4
384 273 4
384 281 3
384 323 3
384 405 4
384 455 4
384 515 5
384 546 3
384 597 3
384 825 1
385 152 1
385 182 5
385 210 4
385 233 3
385 241 1
385 515 5
385 663 4
385 715 5
385 856 5
385 942 4
385 2 3
385 4 4
385 7 4
385 8 4
385 10 1
385 11 4
385 13 4
385 20 1
385 22 5
385 23 4
385 24 3
385 27 1
385 31 4
385 32 3
385 33 3
385 39 1
385 46 4
385 47 3
385 48 4
385 50 5
385 52 2
385 55 4
385 56 4
385 58 4
385 61 2
385 62 3
385 64 5
385 68 2
385 69 4
385 71 4
385 76 3
385 79 4
385 81 2
385 82 4
385 83 4
385 89 4
385 91 3
385 92 1
385 93 2
385 96 4
385 97 4
385 98 4
385 99 5
385 101 1
385 102 1
385 107 1
385 113 5
385 114 5
385 116 4
385 117 3
385 121 4
385 123 1
385 127 5
385 129 2
385 133 4
385 135 4
385 136 1
385 144 4
385 147 1
385 151 4
385 156 4
385 161 3
385 168 4
385 169 5
385 176 4
385 180 4
385 181 4
385 183 4
385 184 1
385 186 4
385 187 5
385 189 5
385 190 4
385 192 1
385 193 4
385 194 4
385 195 4
385 196 4
385 197 4
385 198 3
385 199 4
385 200 4
385 201 2
385 202 4
385 203 4
385 205 3
385 206 4
385 208 4
385 209 4
385 211 4
385 215 4
385 217 2
385 218 4
385 219 1
385 222 4
385 223 4
385 224 5
385 226 4
385 227 3
385 228 4
385 229 3
385 230 4
385 231 3
385 238 4
385 246 1
385 248 1
385 250 4
385 258 4
385 265 4
385 268 5
385 273 4
385 277 1
385 288 3
385 289 3
385 293 1
385 294 3
385 295 1
385 298 3
385 317 1
385 318 4
385 319 1
385 320 1
385 321 4
385 325 2
385 333 1
385 357 4
385 380 1
385 381 2
385 385 4
385 393 4
385 403 4
385 410 3
385 414 2
385 418 3
385 423 4
385 428 4
385 429 2
385 430 3
385 431 4
385 432 4
385 434 2
385 435 5
385 436 2
385 441 1
385 444 1
385 446 1
385 447 4
385 448 1
385 455 3
385 458 1
385 461 1
385 463 4
385 470 2
385 473 4
385 474 4
385 475 4
385 477 2
385 488 2
385 496 5
385 501 3
385 508 3
385 511 4
385 514 4
385 520 2
385 526 1
385 528 4
385 532 4
385 547 1
385 549 2
385 558 2
385 559 2
385 561 2
385 564 1
385 566 4
385 569 3
385 578 1
385 580 1
385 582 4
385 583 3
385 593 2
385 603 4
385 619 1
385 625 2
385 642 2
385 650 1
385 651 4
385 659 2
385 672 1
385 674 3
385 678 2
385 679 1
385 684 4
385 692 4
385 693 3
385 697 1
385 732 4
385 735 4
385 737 4
385 742 4
385 744 1
385 746 2
385 768 2
385 769 2
385 772 1
385 773 3
385 774 1
385 789 4
385 790 1
385 806 1
385 844 1
385 845 3
385 854 1
385 919 5
385 943 1
385 952 3
385 969 4
385 972 3
385 984 2
386 9 3
386 117 5
386 258 5
386 266 5
386 288 5
386 298 5
386 559 5
386 591 4
386 773 3
386 895 4
386 1 4
386 5 1
386 56 3
386 100 5
386 111 3
386 147 4
386 184 1
386 237 4
386 259 2
386 300 4
386 301 3
386 302 4
386 307 3
386 310 4
386 313 5
386 315 4
386 323 3
386 326 4
386 333 3
386 508 4
386 569 1
386 596 3
386 628 3
386 678 3
386 680 1
386 682 2
386 690 3
386 742 4
386 769 1
386 816 1
386 845 4
386 871 2
387 58 4
387 66 3
387 69 5
387 346 4
387 502 4
387 615 4
387 671 5
387 763 1
387 778 4
387 780 3
387 4 4
387 8 4
387 23 4
387 25 3
387 28 4
387 29 3
387 38 3
387 40 1
387 42 3
387 47 4
387 50 5
387 53 1
387 56 4
387 59 1
387 64 5
387 65 1
387 71 4
387 72 3
387 77 4
387 79 4
387 80 2
387 81 1
387 82 4
387 88 4
387 90 3
387 94 4
387 95 4
387 98 4
387 99 4
387 100 4
387 105 1
387 109 4
387 111 4
387 118 3
387 124 4
387 127 4
387 131 1
387 132 4
387 136 1
387 142 3
387 151 4
387 152 2
387 153 4
387 154 4
387 159 1
387 160 2
387 167 2
387 168 4
387 172 4
387 173 5
387 174 5
387 176 4
387 178 4
387 179 4
387 181 4
387 185 4
387 186 4
387 191 4
387 194 4
387 197 4
387 202 4
387 204 4
387 205 1
387 208 5
387 210 4
387 211 4
387 216 4
387 217 1
387 234 4
387 238 4
387 249 1
387 275 4
387 283 3
387 285 2
387 300 3
387 301 3
387 378 1
387 383 1
387 384 3
387 393 4
387 395 3
387 396 1
387 401 2
387 402 4
387 404 4
387 407 2
387 410 3
387 411 3
387 414 4
387 416 2
387 420 3
387 423 4
387 427 5
387 428 5
387 429 1
387 435 4
387 451 4
387 454 3
387 467 3
387 471 4
387 474 4
387 475 3
387 477 2
387 478 1
387 479 4
387 480 4
387 481 1
387 483 4
387 484 2
387 490 1
387 491 2
387 492 1
387 493 1
387 496 5
387 497 1
387 498 4
387 499 1
387 501 4
387 503 2
387 504 4
387 506 1
387 507 1
387 509 4
387 510 4
387 514 4
387 517 1
387 518 3
387 519 2
387 520 3
387 525 1
387 526 1
387 527 4
387 531 4
387 550 4
387 558 1
387 568 4
387 583 4
387 584 2
387 588 4
387 591 4
387 602 1
387 604 1
387 605 1
387 607 3
387 610 4
387 612 4
387 613 2
387 616 3
387 630 3
387 631 2
387 642 1
387 649 4
387 656 2
387 657 4
387 661 1
387 662 4
387 674 3
387 693 3
387 699 2
387 700 2
387 705 4
387 712 3
387 715 1
387 731 3
387 732 4
387 736 2
387 739 4
387 756 3
387 785 2
387 792 4
387 820 2
387 824 3
387 835 1
387 836 1
387 845 4
387 847 1
387 923 4
387 926 2
387 942 1
387 945 1
387 954 1
387 955 2
387 965 1
387 997 2
388 1 5
388 13 2
388 124 4
388 181 4
388 258 5
388 275 5
388 277 2
388 286 4
388 304 5
388 740 4
388 9 4
388 100 4
388 126 4
388 283 4
388 289 3
388 302 4
388 319 3
388 328 4
388 329 1
388 331 2
388 515 4
388 713 1
388 742 4
388 845 4
388 989 1
388 990 1
389 11 3
389 22 4
389 31 2
389 127 5
389 174 5
389 180 5
389 238 5
389 507 4
389 511 5
389 646 4
389 8 4
389 9 4
389 12 4
389 15 3
389 26 1
389 47 4
389 48 4
389 56 4
389 58 4
389 59 3
389 60 2
389 61 2
389 64 4
389 69 3
389 71 4
389 76 1
389 89 5
389 97 3
389 100 4
389 132 4
389 134 4
389 148 3
389 168 4
389 173 4
389 182 4
389 188 4
389 191 4
389 195 4
389 197 5
389 200 3
389 203 3
389 204 4
389 205 3
389 213 4
389 215 4
389 222 4
389 234 4
389 237 4
389 258 4
389 264 2
389 276 4
389 282 4
389 286 4
389 288 3
389 294 3
389 300 3
389 318 4
389 328 3
389 334 3
389 357 4
389 421 1
389 458 2
389 460 1
389 462 4
389 471 3
389 474 5
389 479 4
389 480 4
389 482 4
389 483 5
389 490 2
389 491 1
389 497 2
389 498 4
389 504 4
389 508 3
389 510 4
389 527 4
389 530 4
389 544 1
389 546 3
389 603 4
389 604 3
389 628 4
389 659 1
389 661 4
389 678 3
389 748 3
389 772 1
389 774 2
389 924 1
389 963 1
390 114 4
390 127 5
390 260 1
390 285 3
390 310 4
390 321 5
390 328 3
390 340 5
390 346 4
390 347 4
390 8 4
390 23 4
390 50 4
390 58 4
390 59 2
390 98 4
390 99 4
390 129 3
390 134 4
390 165 4
390 166 4
390 169 1
390 170 2
390 172 4
390 173 4
390 178 5
390 179 4
390 180 4
390 181 4
390 189 1
390 191 4
390 197 4
390 199 4
390 200 4
390 209 4
390 244 1
390 246 4
390 248 4
390 249 3
390 250 4
390 255 4
390 257 4
390 258 4
390 268 4
390 270 3
390 271 3
390 272 4
390 276 4
390 286 4
390 288 3
390 289 3
390 293 1
390 294 3
390 297 3
390 298 4
390 300 4
390 302 3
390 303 3
390 304 3
390 312 1
390 313 4
390 319 3
390 323 2
390 324 3
390 325 3
390 333 4
390 344 1
390 345 2
390 463 1
390 482 1
390 488 2
390 491 1
390 492 1
390 493 1
390 511 5
390 515 4
390 534 3
390 538 2
390 615 1
390 632 2
390 650 1
390 663 1
390 705 3
390 813 2
390 847 1
390 872 1
390 873 1
390 880 1
391 73 4
391 84 3
391 223 4
391 237 4
391 405 4
391 423 3
391 479 4
391 500 4
391 727 3
391 761 4
391 2 1
391 3 1
391 4 2
391 5 1
391 7 4
391 11 4
391 12 5
391 15 4
391 17 1
391 21 1
391 22 5
391 24 3
391 25 3
391 26 1
391 27 1
391 28 4
391 29 1
391 31 4
391 36 1
391 38 2
391 40 1
391 41 1
391 42 1
391 48 1
391 49 1
391 50 4
391 51 1
391 54 1
391 55 4
391 56 4
391 58 1
391 62 1
391 64 5
391 65 1
391 67 1
391 68 1
391 69 4
391 70 4
391 71 4
391 72 1
391 78 1
391 79 4
391 81 1
391 83 1
391 85 1
391 86 1
391 87 3
391 88 5
391 89 4
391 90 1
391 94 3
391 95 3
391 99 1
391 100 5
391 105 1
391 108 1
391 109 4
391 110 1
391 111 4
391 117 5
391 118 3
391 122 1
391 123 1
391 126 5
391 128 1
391 132 3
391 135 5
391 136 1
391 138 1
391 139 1
391 142 1
391 144 3
391 147 4
391 148 5
391 153 4
391 154 1
391 161 4
391 168 4
391 169 1
391 172 4
391 173 4
391 181 5
391 184 1
391 186 4
391 189 1
391 191 4
391 194 3
391 196 5
391 202 4
391 203 5
391 204 4
391 206 1
391 215 4
391 222 5
391 227 1
391 228 5
391 233 1
391 239 1
391 240 2
391 241 1
391 243 1
391 245 3
391 252 4
391 255 5
391 257 5
391 258 4
391 265 5
391 270 1
391 271 4
391 273 4
391 274 4
391 275 4
391 278 4
391 280 3
391 281 4
391 283 1
391 290 1
391 291 3
391 294 3
391 298 3
391 303 1
391 313 4
391 316 1
391 317 1
391 318 4
391 321 2
391 323 3
391 328 5
391 333 4
391 338 1
391 342 1
391 344 1
391 347 1
391 349 1
391 354 1
391 355 1
391 356 1
391 357 3
391 362 1
391 363 1
391 364 1
391 365 1
391 366 1
391 369 1
391 373 1
391 374 1
391 376 1
391 377 1
391 378 1
391 380 1
391 385 4
391 386 1
391 391 1
391 393 4
391 394 1
391 396 1
391 402 2
391 403 4
391 404 1
391 409 3
391 410 4
391 412 2
391 415 1
391 417 1
391 418 1
391 419 1
391 420 1
391 421 2
391 431 1
391 443 1
391 456 1
391 459 2
391 463 1
391 465 1
391 470 1
391 471 4
391 472 3
391 473 1
391 476 3
391 477 2
391 480 5
391 494 1
391 496 5
391 497 1
391 501 1
391 527 4
391 538 1
391 539 1
391 540 1
391 544 1
391 546 3
391 550 1
391 552 1
391 553 1
391 554 1
391 559 1
391 561 1
391 566 4
391 568 4
391 569 1
391 571 1
391 576 1
391 578 1
391 588 4
391 591 4
391 596 3
391 597 3
391 620 1
391 622 1
391 623 1
391 628 4
391 630 1
391 633 1
391 636 1
391 644 1
391 651 1
391 655 4
391 659 1
391 672 1
391 681 1
391 683 1
391 685 4
391 686 1
391 687 1
391 690 1
391 692 4
391 696 2
391 705 1
391 710 1
391 715 1
391 717 3
391 721 1
391 722 3
391 725 1
391 728 1
391 731 1
391 737 1
391 739 3
391 742 4
391 747 1
391 751 4
391 755 1
391 756 2
391 763 3
391 771 1
391 775 1
391 778 1
391 779 1
391 780 1
391 781 1
391 783 1
391 789 1
391 792 1
391 794 1
391 797 1
391 802 1
391 805 1
391 808 1
391 810 1
391 812 1
391 815 1
391 821 1
391 824 1
391 825 1
391 826 1
391 831 1
391 836 1
391 840 1
391 841 1
391 842 1
391 843 1
391 845 5
391 870 1
391 871 2
391 876 1
391 879 1
391 890 1
391 905 1
391 922 1
391 924 1
391 926 4
391 929 1
391 930 2
391 932 2
391 939 1
391 940 1
391 944 1
391 949 1
391 951 1
391 953 1
391 964 1
391 977 1
391 996 3
391 997 1
391 999 1
391 1000 3
392 39 4
392 63 4
392 222 4
392 282 3
392 391 4
392 419 5
392 540 4
392 554 4
392 578 2
392 979 5
392 1 4
392 4 4
392 7 4
392 22 5
392 28 4
392 31 1
392 38 3
392 42 1
392 50 4
392 56 5
392 67 1
392 68 2
392 72 2
392 73 3
392 79 4
392 84 1
392 88 4
392 96 4
392 97 4
392 98 4
392 101 1
392 109 3
392 117 3
392 121 3
392 128 1
392 132 4
392 144 4
392 154 4
392 156 1
392 158 1
392 161 3
392 164 2
392 172 4
392 174 5
392 179 4
392 181 3
392 184 1
392 186 4
392 195 4
392 208 4
392 210 4
392 216 4
392 217 1
392 218 3
392 226 3
392 227 4
392 228 4
392 229 3
392 230 4
392 232 2
392 233 3
392 238 3
392 250 4
392 257 1
392 265 4
392 288 4
392 313 4
392 364 1
392 383 1
392 385 3
392 386 1
392 402 4
392 411 2
392 416 1
392 423 4
392 433 3
392 449 3
392 450 1
392 455 2
392 496 5
392 508 3
392 541 1
392 550 4
392 552 1
392 559 1
392 561 1
392 568 4
392 576 1
392 597 3
392 655 4
392 658 1
392 665 2
392 679 1
392 739 1
392 746 1
392 763 3
392 771 1
392 773 1
392 780 1
392 797 2
392 802 1
393 172 5
393 181 5
393 196 4
393 210 5
393 215 5
393 273 2
393 338 4
393 343 5
393 365 5
393 632 5
393 1 4
393 15 4
393 50 5
393 64 5
393 89 4
393 97 4
393 98 4
393 100 4
393 121 4
393 151 3
393 154 4
393 174 5
393 186 4
393 216 4
393 231 3
393 237 4
393 240 2
393 252 3
393 255 3
393 257 4
393 313 4
393 315 1
393 328 4
393 342 3
393 378 1
393 423 4
393 458 1
393 472 3
393 596 3
393 739 4
393 892 1
393 924 1
394 222 5
394 291 4
394 328 4
394 329 2
394 405 3
394 455 2
394 546 4
394 595 3
394 619 3
394 930 3
394 1 4
394 9 4
394 25 3
394 100 4
394 106 1
394 117 4
394 121 4
394 125 4
394 148 3
394 237 4
394 245 3
394 260 3
394 274 4
394 282 4
394 288 3
394 300 4
394 322 3
394 333 3
394 471 3
394 591 4
394 597 3
394 678 2
394 717 3
394 742 3
394 751 3
394 829 1
394 840 1
394 841 1
394 871 1
394 977 1
394 986 2
395 8 4
395 109 4
395 156 5
395 181 4
395 223 4
395 327 2
395 346 4
395 479 4
395 688 1
395 896 4
395 7 4
395 22 5
395 23 4
395 50 4
395 56 4
395 95 4
395 100 4
395 108 2
395 117 4
395 127 4
395 134 5
395 135 5
395 171 1
395 172 5
395 174 5
395 177 5
395 178 4
395 183 5
395 192 1
395 194 4
395 195 4
395 197 4
395 199 5
395 210 4
395 221 1
395 261 1
395 268 4
395 273 3
395 286 4
395 288 3
395 302 4
395 313 4
395 318 4
395 322 3
395 324 2
395 325 2
395 332 3
395 334 1
395 338 2
395 340 3
395 345 4
395 390 5
395 423 5
395 435 5
395 457 1
395 475 3
395 483 5
395 498 4
395 504 4
395 513 1
395 588 4
395 611 1
395 615 1
395 641 4
395 657 4
395 680 3
395 705 5
395 748 3
395 751 4
395 853 5
395 855 4
395 878 1
395 894 1
395 988 1
395 989 2
395 991 1
396 58 4
396 88 4
396 162 5
396 173 4
396 205 5
396 227 2
396 495 4
396 604 5
396 648 5
396 692 4
396 2 1
396 4 4
396 12 4
396 13 4
396 15 4
396 25 3
396 28 4
396 31 4
396 47 4
396 49 2
396 50 4
396 56 4
396 63 1
396 64 5
396 65 2
396 66 3
396 69 4
396 70 4
396 72 2
396 73 2
396 82 4
396 85 3
396 87 3
396 94 3
396 95 4
396 117 3
396 124 4
396 125 4
396 126 3
396 127 5
396 132 4
396 134 4
396 144 4
396 152 1
396 154 4
396 158 1
396 159 1
396 163 1
396 167 1
396 168 4
396 172 4
396 174 4
396 176 4
396 178 1
396 181 4
396 182 4
396 183 4
396 186 4
396 191 4
396 194 4
396 196 4
396 197 4
396 199 4
396 202 3
396 203 4
396 204 4
396 211 4
396 216 4
396 228 4
396 229 3
396 230 3
396 234 4
396 235 3
396 239 1
396 274 4
396 276 4
396 284 3
396 357 5
396 385 4
396 393 3
396 399 2
396 403 4
396 414 2
396 417 1
396 423 4
396 429 1
396 430 3
396 432 3
396 435 4
396 474 4
396 476 2
396 479 4
396 480 4
396 481 1
396 485 2
396 491 1
396 493 1
396 494 1
396 496 5
396 497 2
396 498 4
396 501 3
396 502 1
396 504 4
396 510 3
396 514 4
396 519 1
396 520 1
396 521 3
396 523 4
396 525 1
396 588 4
396 589 3
396 591 1
396 602 1
396 654 4
396 659 3
396 661 1
396 663 3
396 700 2
396 710 3
396 715 3
396 732 4
396 735 3
396 737 1
396 756 1
396 796 1
396 953 2
396 969 3
396 991 2
396 993 4
397 31 3
397 154 3
397 173 3
397 226 3
397 393 4
397 542 3
397 551 1
397 587 3
397 673 3
397 769 3
397 2 2
397 5 2
397 8 5
397 9 4
397 12 5
397 15 4
397 22 4
397 26 1
397 33 4
397 38 3
397 41 1
397 42 2
397 43 2
397 48 2
397 50 5
397 53 1
397 55 3
397 56 4
397 57 1
397 58 3
397 62 3
397 63 1
397 64 5
397 66 3
397 67 3
397 68 3
397 69 4
397 71 4
397 72 3
397 73 2
397 77 4
397 79 4
397 80 1
397 84 5
397 91 3
397 93 1
397 94 4
397 95 4
397 97 4
397 98 4
397 99 4
397 102 1
397 110 1
397 114 1
397 117 4
397 118 4
397 121 4
397 127 3
397 128 2
397 132 4
397 140 1
397 143 4
397 144 4
397 147 3
397 148 1
397 153 5
397 155 2
397 156 4
397 157 1
397 161 4
397 164 4
397 168 4
397 172 4
397 174 5
397 175 4
397 179 3
397 180 5
397 181 4
397 186 4
397 187 4
397 188 3
397 195 4
397 196 4
397 203 4
397 204 4
397 210 4
397 214 1
397 215 4
397 219 1
397 223 1
397 227 3
397 228 4
397 229 3
397 230 3
397 231 3
397 233 4
397 234 5
397 237 4
397 238 4
397 239 3
397 241 3
397 264 4
397 265 4
397 268 4
397 273 3
397 274 3
397 276 4
397 282 4
397 284 3
397 288 4
397 289 3
397 291 1
397 295 1
397 301 1
397 307 4
397 318 4
397 323 1
397 332 3
397 338 2
397 340 1
397 364 1
397 372 1
397 378 1
397 380 1
397 382 3
397 383 1
397 384 1
397 385 4
397 386 1
397 388 1
397 389 3
397 395 1
397 399 1
397 400 1
397 401 1
397 402 4
397 403 3
397 405 3
397 407 1
397 412 1
397 413 1
397 418 1
397 420 1
397 423 5
397 431 3
397 432 2
397 436 1
397 444 1
397 450 1
397 451 3
397 452 2
397 454 1
397 455 1
397 459 1
397 470 1
397 471 3
397 475 3
397 486 1
397 496 4
397 501 4
397 506 1
397 508 3
397 527 4
397 531 4
397 543 3
397 544 1
397 546 3
397 549 1
397 550 4
397 554 3
397 559 3
397 564 1
397 566 4
397 568 4
397 575 3
397 576 1
397 578 3
397 582 4
397 588 4
397 591 4
397 597 3
397 616 1
397 622 1
397 628 3
397 633 1
397 651 5
397 655 4
397 660 5
397 679 1
397 684 4
397 693 1
397 697 3
397 710 1
397 720 2
397 722 1
397 727 1
397 732 4
397 735 1
397 738 1
397 742 4
397 744 1
397 746 1
397 747 1
397 754 4
397 755 1
397 760 1
397 763 3
397 768 1
397 772 2
397 774 1
397 779 3
397 781 1
397 806 2
397 809 2
397 813 1
397 817 1
397 824 1
397 825 1
397 826 1
397 845 3
397 924 1
397 926 1
397 928 1
397 941 1
397 946 1
397 959 1
397 969 1
397 975 1
397 977 1
397 986 2
398 269 4
398 286 4
398 300 4
398 301 4
398 306 3
398 328 3
398 332 2
398 690 3
398 749 4
398 895 4
398 258 4
398 259 2
398 288 3
398 294 4
398 304 4
398 307 3
398 321 3
398 323 3
398 689 1
399 25 4
399 69 3
399 137 3
399 284 3
399 342 1
399 356 4
399 473 1
399 477 1
399 483 4
399 588 2
399 1 4
399 9 4
399 11 5
399 13 4
399 14 4
399 26 1
399 44 1
399 50 4
399 64 5
399 65 2
399 70 4
399 71 4
399 83 4
399 97 4
399 100 4
399 111 3
399 117 4
399 121 4
399 127 4
399 133 4
399 135 4
399 143 3
399 144 4
399 147 4
399 151 4
399 153 4
399 154 3
399 157 2
399 161 4
399 162 2
399 168 4
399 172 4
399 173 4
399 174 4
399 181 4
399 194 4
399 196 4
399 197 4
399 198 1
399 199 4
399 202 4
399 204 4
399 210 4
399 225 3
399 235 2
399 237 4
399 248 4
399 257 4
399 272 5
399 273 4
399 275 4
399 276 4
399 280 2
399 282 4
399 294 3
399 302 3
399 312 1
399 315 4
399 316 3
399 318 4
399 321 3
399 322 3
399 328 3
399 357 4
399 365 2
399 371 1
399 385 4
399 404 1
399 430 3
399 435 4
399 451 4
399 462 4
399 471 3
399 478 3
399 481 1
399 484 4
399 485 2
399 486 1
399 493 2
399 499 1
399 501 3
399 507 1
399 508 4
399 509 4
399 511 4
399 515 4
399 519 2
399 520 1
399 527 4
399 528 4
399 535 2
399 553 1
399 566 4
399 582 4
399 603 4
399 604 2
399 609 1
399 630 1
399 632 2
399 638 1
399 651 4
399 654 4
399 655 4
399 659 1
399 661 1
399 684 4
399 707 1
399 724 1
399 735 3
399 748 3
399 762 3
399 815 3
399 866 4
399 892 1
400 7 4
400 12 4
400 32 3
400 235 3
400 257 4
400 258 4
400 479 5
400 510 5
400 515 5
400 864 3
400 1 4
400 9 4
400 10 3
400 13 3
400 16 2
400 19 2
400 25 4
400 42 4
400 48 4
400 50 5
400 96 4
400 111 3
400 116 3
400 117 3
400 124 4
400 126 4
400 127 4
400 135 4
400 151 3
400 182 4
400 204 4
400 222 4
400 234 4
400 237 4
400 245 3
400 255 3
400 273 3
400 276 4
400 286 3
400 455 3
400 471 4
400 475 3
400 476 3
400 480 4
400 483 5
400 511 4
400 529 4
400 591 4
400 628 3
400 696 3
400 764 2
