201 237 4
201 268 5
201 306 5
201 331 5
201 934 5
201 1 4
201 111 4
201 283 3
201 291 3
201 305 1
201 361 1
201 475 5
201 740 2
202 292 5
202 330 5
202 358 1
202 872 4
202 877 3
202 259 1
202 288 4
202 294 3
202 682 1
202 876 1
202 880 3
202 887 3
202 895 1
202 948 1
203 100 5
203 106 2
203 117 4
203 288 4
203 685 4
203 7 3
203 9 4
203 111 3
203 118 3
203 121 3
203 123 3
203 127 4
203 129 3
203 148 3
203 181 4
203 222 3
203 235 2
203 240 3
203 258 4
203 274 3
203 276 4
203 284 3
203 291 3
203 370 2
203 410 3
203 471 4
203 472 3
203 477 3
203 515 4
203 546 3
203 597 3
203 748 3
203 845 3
203 864 2
203 866 3
203 925 3
203 928 2
204 331 3
204 678 4
204 683 4
204 687 3
204 739 4
204 22 4
204 66 5
204 243 1
204 245 1
204 258 4
204 259 3
204 269 3
204 270 1
204 289 4
204 294 4
204 300 4
204 302 5
204 307 4
204 310 1
204 313 5
204 323 4
204 327 3
204 328 4
204 332 4
204 333 4
204 342 1
204 343 2
204 348 1
204 689 1
204 690 1
204 748 3
204 754 1
204 879 1
204 892 2
204 901 1
205 40 2
205 191 4
205 238 5
205 603 3
205 693 2
205 2 3
205 5 1
205 8 4
205 11 4
205 12 5
205 22 4
205 23 4
205 28 4
205 29 1
205 30 2
205 31 4
205 32 4
205 33 4
205 37 2
205 38 2
205 39 2
205 41 1
205 42 3
205 43 3
205 45 4
205 47 4
205 48 4
205 49 2
205 50 4
205 51 4
205 52 3
205 53 2
205 55 4
205 56 5
205 57 3
205 58 4
205 60 4
205 61 3
205 62 3
205 63 1
205 64 5
205 66 3
205 67 1
205 68 3
205 70 3
205 71 4
205 72 3
205 73 1
205 75 4
205 76 4
205 77 3
205 78 2
205 80 1
205 81 3
205 82 3
205 83 3
205 85 3
205 87 4
205 88 3
205 90 1
205 91 4
205 92 4
205 94 3
205 96 4
205 97 4
205 98 5
205 101 3
205 102 2
205 127 5
205 132 4
205 135 4
205 139 3
205 141 4
205 142 2
205 143 3
205 149 4
205 161 3
205 168 4
205 169 4
205 171 4
205 172 4
205 173 4
205 175 4
205 178 4
205 179 4
205 180 4
205 183 4
205 184 3
205 185 4
205 186 4
205 188 4
205 189 4
205 190 5
205 192 2
205 193 4
205 195 4
205 197 5
205 198 3
205 199 4
205 200 4
205 201 1
205 202 3
205 204 4
205 206 4
205 207 4
205 208 4
205 210 4
205 211 4
205 212 2
205 214 4
205 215 4
205 216 4
205 217 2
205 218 3
205 219 1
205 226 4
205 227 3
205 228 4
205 229 3
205 230 3
205 231 3
205 232 2
205 233 2
205 234 4
205 239 1
205 265 4
205 288 3
205 302 4
205 308 4
205 317 1
205 318 4
205 347 2
205 350 3
205 351 1
205 356 1
205 361 1
205 364 1
205 365 1
205 366 3
205 367 4
205 371 3
205 374 1
205 376 1
205 377 1
205 379 1
205 383 1
205 384 1
205 386 2
205 387 3
205 388 1
205 391 1
205 393 3
205 395 1
205 396 3
205 397 1
205 399 2
205 400 1
205 402 4
205 403 4
205 404 3
205 414 1
205 415 3
205 416 2
205 417 1
205 419 3
205 420 3
205 421 4
205 422 1
205 423 4
205 426 1
205 427 5
205 430 3
205 431 4
205 432 4
205 433 4
205 434 2
205 437 1
205 438 1
205 439 1
205 440 1
205 441 1
205 442 1
205 444 5
205 446 2
205 447 3
205 448 2
205 449 1
205 450 1
205 451 4
205 452 1
205 453 1
205 461 2
205 462 4
205 463 3
205 464 1
205 465 1
205 467 4
205 469 4
205 470 2
205 480 4
205 482 3
205 501 4
205 504 4
205 509 4
205 510 4
205 511 5
205 514 4
205 515 4
205 516 3
205 517 2
205 518 3
205 519 4
205 520 2
205 521 4
205 522 4
205 523 4
205 524 3
205 525 5
205 526 3
205 527 4
205 528 4
205 529 2
205 530 3
205 536 4
205 537 4
205 540 2
205 541 3
205 543 3
205 545 1
205 548 4
205 549 3
205 551 1
205 552 1
205 553 2
205 554 1
205 555 4
205 556 3
205 557 3
205 558 2
205 559 3
205 560 3
205 561 2
205 562 4
205 563 1
205 564 1
205 565 3
205 566 4
205 567 1
205 568 4
205 569 1
205 570 4
205 573 4
205 574 1
205 575 2
205 577 1
205 578 3
205 579 4
205 580 3
205 581 4
205 583 4
205 584 2
205 585 1
205 586 2
205 588 4
205 592 1
205 593 5
205 606 3
205 622 1
205 623 2
205 624 3
205 625 3
205 626 5
205 627 1
205 639 2
205 642 2
205 643 4
205 644 5
205 645 4
205 647 3
205 648 2
205 649 4
205 650 3
205 651 4
205 652 3
205 653 4
205 654 5
205 655 4
205 656 4
205 659 2
205 661 2
205 662 4
205 664 2
205 666 4
205 667 4
205 669 1
205 670 4
205 671 1
205 673 2
205 674 1
205 675 5
205 679 3
205 684 4
205 692 3
205 694 5
205 695 3
205 697 1
205 699 4
205 700 2
205 702 2
205 707 2
205 708 2
205 710 2
205 712 1
205 714 4
205 715 2
205 716 4
205 719 1
205 720 2
205 721 2
205 722 1
205 723 2
205 726 1
205 727 3
205 728 1
205 729 2
205 731 2
205 732 3
205 734 1
205 736 2
205 739 3
205 745 1
205 746 3
205 747 3
205 753 4
205 755 1
205 759 2
205 761 1
205 765 3
205 768 2
205 769 3
205 770 1
205 771 1
205 772 1
205 773 1
205 774 2
205 775 3
205 776 2
205 777 1
205 778 1
205 779 1
205 780 1
205 782 1
205 783 2
205 784 1
205 785 1
205 786 3
205 787 3
205 788 1
205 789 2
205 790 1
205 791 5
205 793 1
205 794 3
205 795 2
205 796 1
205 798 1
205 802 2
205 807 1
205 808 2
205 810 3
205 812 2
205 816 1
205 842 1
205 843 3
205 849 1
205 851 5
205 853 1
205 854 1
205 855 2
205 858 1
205 859 1
205 860 2
205 861 3
205 904 3
205 921 5
205 939 1
205 941 1
205 943 3
205 944 1
205 946 2
205 947 4
205 949 1
205 951 3
205 953 4
205 955 1
205 956 1
205 957 3
205 959 3
205 960 4
205 964 4
205 969 2
205 971 2
205 994 1
205 996 1
205 997 1
205 999 1
206 30 4
206 480 4
206 488 4
206 507 4
206 921 4
206 1 1
206 3 1
206 4 1
206 5 1
206 7 1
206 8 1
206 10 1
206 11 1
206 12 1
206 13 1
206 14 1
206 15 1
206 20 1
206 22 1
206 24 1
206 25 1
206 28 1
206 32 1
206 39 1
206 40 1
206 42 1
206 47 1
206 48 1
206 50 1
206 52 1
206 53 1
206 58 1
206 63 1
206 64 1
206 69 1
206 71 1
206 72 1
206 79 1
206 85 1
206 86 1
206 87 1
206 89 1
206 92 1
206 93 1
206 96 1
206 99 1
206 115 1
206 117 1
206 121 1
206 123 1
206 125 1
206 127 1
206 129 1
206 131 1
206 132 1
206 133 1
206 134 1
206 135 1
206 136 1
206 143 1
206 148 1
206 151 1
206 152 1
206 153 1
206 156 1
206 158 1
206 164 1
206 168 1
206 170 1
206 172 1
206 173 1
206 174 1
206 175 1
206 179 1
206 181 1
206 182 1
206 183 1
206 186 1
206 187 1
206 188 1
206 190 1
206 191 1
206 194 1
206 195 1
206 196 1
206 198 1
206 199 1
206 202 1
206 203 1
206 204 1
206 206 1
206 209 1
206 211 1
206 212 1
206 213 1
206 215 1
206 218 1
206 219 1
206 220 1
206 222 1
206 228 1
206 234 1
206 235 1
206 237 1
206 238 1
206 239 1
206 240 1
206 274 1
206 275 1
206 276 1
206 277 1
206 284 1
206 289 1
206 317 1
206 318 1
206 357 1
206 368 1
206 381 1
206 396 1
206 404 1
206 405 1
206 410 1
206 411 1
206 414 1
206 418 1
206 419 1
206 420 1
206 421 1
206 427 1
206 428 1
206 429 1
206 430 1
206 431 1
206 434 1
206 435 1
206 436 1
206 443 1
206 447 1
206 451 1
206 452 1
206 453 1
206 461 1
206 463 1
206 468 1
206 469 1
206 474 1
206 476 1
206 478 1
206 479 1
206 481 1
206 482 1
206 485 1
206 487 1
206 490 1
206 496 1
206 498 1
206 499 1
206 501 1
206 503 1
206 504 1
206 505 1
206 508 1
206 509 1
206 511 1
206 514 1
206 515 1
206 517 1
206 519 1
206 520 1
206 523 1
206 524 1
206 526 1
206 527 1
206 528 1
206 529 1
206 543 1
206 559 1
206 561 1
206 573 1
206 575 1
206 582 1
206 588 1
206 589 1
206 591 1
206 596 1
206 605 1
206 606 1
206 607 1
206 608 1
206 610 1
206 611 1
206 612 1
206 624 1
206 632 1
206 633 1
206 634 1
206 638 1
206 639 1
206 640 1
206 641 1
206 642 1
206 645 1
206 647 1
206 651 1
206 652 1
206 655 1
206 662 1
206 663 1
206 664 1
206 665 1
206 672 1
206 675 1
206 692 1
206 693 1
206 699 1
206 701 1
206 705 1
206 712 1
206 713 1
206 715 1
206 727 1
206 732 1
206 735 1
206 737 1
206 745 1
206 746 1
206 747 1
206 756 1
206 769 1
206 772 1
206 787 1
206 813 1
206 823 1
206 825 1
206 826 1
206 831 1
206 845 1
206 919 1
206 923 1
206 942 1
206 945 1
206 960 1
206 962 1
207 4 4
207 117 3
207 194 4
207 519 4
207 588 4
207 1 4
207 2 1
207 8 4
207 25 3
207 28 4
207 29 2
207 40 2
207 45 4
207 50 4
207 56 4
207 62 4
207 68 2
207 69 4
207 70 3
207 72 3
207 82 3
207 88 4
207 89 4
207 91 3
207 96 4
207 97 3
207 98 4
207 99 3
207 100 4
207 118 3
207 123 2
207 127 5
207 132 4
207 135 4
207 143 3
207 144 4
207 147 3
207 157 4
207 158 1
207 159 1
207 161 3
207 163 3
207 172 4
207 173 4
207 174 4
207 177 4
207 179 4
207 180 4
207 181 4
207 182 4
207 183 4
207 185 4
207 186 4
207 188 4
207 193 4
207 196 4
207 197 4
207 200 3
207 201 3
207 202 4
207 203 3
207 205 1
207 208 4
207 209 4
207 211 4
207 214 4
207 215 4
207 216 4
207 217 3
207 218 3
207 222 3
207 223 3
207 226 3
207 227 3
207 228 4
207 229 3
207 230 3
207 231 3
207 232 1
207 235 2
207 238 4
207 239 1
207 244 4
207 248 3
207 249 3
207 250 4
207 255 3
207 257 3
207 258 4
207 265 4
207 269 3
207 274 3
207 286 3
207 289 3
207 290 4
207 291 1
207 313 4
207 315 5
207 316 5
207 345 4
207 357 4
207 371 1
207 382 3
207 385 3
207 393 3
207 399 2
207 400 1
207 403 3
207 405 2
207 416 1
207 418 3
207 423 4
207 427 4
207 428 5
207 432 4
207 433 3
207 436 1
207 447 4
207 448 1
207 449 2
207 455 4
207 466 4
207 476 2
207 478 4
207 479 4
207 483 5
207 484 5
207 493 5
207 496 4
207 502 4
207 508 3
207 510 4
207 514 4
207 521 4
207 525 5
207 559 2
207 561 2
207 565 1
207 603 4
207 616 3
207 629 3
207 635 1
207 642 3
207 648 4
207 655 4
207 656 5
207 657 4
207 660 3
207 675 2
207 684 3
207 705 4
207 710 1
207 712 2
207 715 1
207 729 3
207 732 4
207 746 2
207 755 1
207 756 2
207 785 3
207 844 1
207 859 1
207 869 1
207 879 3
207 949 1
207 969 1
207 972 4
207 993 1
208 302 5
208 315 5
208 328 2
208 347 3
208 748 5
208 258 4
208 270 3
208 271 2
208 286 4
208 288 3
208 294 3
208 300 3
208 312 3
208 313 4
208 319 4
208 324 1
208 358 1
208 539 1
208 683 1
208 689 1
209 12 4
209 153 4
209 165 4
209 168 5
209 174 4
209 6 1
209 8 4
209 9 5
209 14 5
209 22 4
209 23 4
209 28 4
209 30 4
209 48 4
209 50 5
209 58 2
209 59 1
209 60 1
209 65 1
209 87 4
209 89 4
209 97 3
209 98 4
209 99 4
209 100 4
209 133 4
209 135 4
209 154 5
209 156 4
209 162 4
209 166 2
209 170 4
209 172 4
209 173 4
209 175 4
209 179 4
209 181 4
209 186 4
209 187 5
209 191 4
209 192 2
209 195 4
209 197 4
209 199 4
209 200 4
209 201 2
209 202 3
209 203 4
209 204 4
209 205 1
209 207 1
209 209 4
209 210 4
209 213 4
209 214 1
209 216 4
209 223 1
209 264 1
209 266 1
209 270 1
209 275 4
209 276 3
209 283 1
209 285 1
209 286 4
209 288 3
209 300 4
209 303 1
209 318 5
209 321 2
209 322 1
209 325 1
209 327 2
209 339 1
209 343 1
209 357 4
209 367 4
209 381 1
209 382 4
209 404 1
209 427 4
209 428 1
209 429 2
209 430 2
209 433 4
209 435 4
209 461 1
209 474 4
209 478 4
209 479 5
209 480 4
209 481 1
209 482 1
209 483 5
209 484 5
209 485 4
209 486 1
209 489 1
209 491 1
209 493 1
209 496 3
209 497 1
209 498 4
209 504 4
209 505 1
209 514 4
209 516 1
209 518 1
209 520 1
209 523 4
209 526 2
209 527 4
209 528 4
209 530 1
209 604 2
209 606 1
209 607 1
209 608 5
209 609 2
209 615 2
209 618 3
209 631 1
209 633 5
209 647 1
209 654 4
209 659 2
209 661 1
209 664 4
209 676 3
209 680 1
209 684 4
209 708 1
209 709 1
209 714 1
209 733 1
209 749 5
209 855 1
209 877 1
209 879 1
209 937 1
209 945 1
209 965 1
209 995 4
210 258 2
210 269 5
210 311 3
210 323 3
210 898 3
210 286 3
210 289 3
210 300 4
210 312 2
210 313 4
210 315 4
210 316 1
210 328 3
210 340 3
210 347 3
210 354 3
210 538 1
210 690 1
210 748 2
210 754 1
210 873 1
210 882 1
210 886 1
210 905 1
211 38 4
211 258 4
211 276 3
211 318 4
211 527 4
211 1 4
211 4 4
211 9 4
211 22 4
211 28 4
211 50 4
211 56 5
211 58 4
211 73 1
211 88 4
211 117 3
211 161 4
211 168 4
211 172 4
211 181 4
211 182 4
211 186 4
211 195 4
211 196 4
211 208 3
211 209 3
211 210 4
211 222 3
211 227 3
211 228 4
211 229 3
211 230 4
211 265 4
211 304 2
211 405 3
211 435 4
211 449 2
211 451 2
211 485 3
211 566 4
211 568 3
211 651 4
211 655 4
211 709 1
211 720 1
211 732 4
211 770 1
212 70 4
212 276 5
212 288 4
212 427 4
212 508 4
212 4 4
212 7 3
212 23 5
212 24 2
212 28 4
212 56 4
212 64 4
212 81 1
212 92 3
212 96 3
212 114 1
212 117 4
212 135 4
212 150 4
212 154 4
212 172 5
212 173 3
212 175 4
212 182 4
212 186 4
212 193 5
212 202 4
212 206 1
212 211 5
212 218 4
212 318 4
212 340 3
212 357 4
212 408 1
212 436 1
212 480 4
212 487 1
212 526 1
212 634 1
212 651 4
212 684 4
212 724 1
213 15 4
213 269 4
213 271 4
213 284 4
213 936 4
213 7 1
213 9 1
213 14 1
213 50 1
213 124 1
213 147 1
213 181 1
213 222 1
213 236 1
213 245 1
213 250 1
213 255 1
213 257 1
213 258 1
213 260 1
213 270 1
213 275 1
213 286 1
213 297 1
213 300 1
213 301 1
213 302 1
213 303 1
213 306 1
213 326 1
213 328 1
213 332 1
213 471 1
213 508 1
213 628 1
213 690 1
213 877 1
214 100 5
214 272 5
214 302 5
214 340 4
214 690 4
214 258 4
214 260 2
214 264 1
214 294 3
214 300 3
214 301 3
214 310 4
214 325 3
214 343 3
214 346 4
214 678 3
214 748 3
215 180 5
215 185 4
215 432 4
215 641 3
215 754 4
215 56 5
215 154 1
215 195 4
215 243 1
215 269 3
215 322 1
215 323 1
215 328 3
215 479 4
215 480 3
215 531 3
215 748 2
216 55 2
216 99 4
216 161 4
216 248 5
216 827 4
216 1 4
216 2 3
216 7 4
216 8 4
216 9 4
216 10 1
216 11 3
216 12 4
216 13 4
216 14 5
216 21 1
216 22 4
216 24 4
216 25 4
216 27 1
216 28 4
216 29 1
216 31 4
216 32 1
216 36 2
216 38 4
216 41 1
216 42 1
216 43 3
216 44 1
216 49 1
216 50 5
216 51 4
216 53 1
216 54 3
216 56 3
216 58 4
216 64 4
216 65 1
216 66 4
216 67 1
216 69 4
216 70 4
216 71 4
216 73 3
216 77 4
216 81 1
216 82 4
216 83 1
216 85 1
216 86 1
216 87 4
216 88 4
216 90 1
216 92 1
216 93 1
216 94 4
216 97 4
216 98 4
216 105 1
216 106 1
216 107 4
216 117 4
216 121 5
216 123 1
216 125 4
216 126 1
216 127 4
216 132 4
216 133 4
216 134 4
216 136 1
216 137 1
216 140 1
216 142 1
216 143 2
216 144 4
216 148 1
216 154 4
216 155 1
216 156 1
216 157 4
216 158 1
216 159 1
216 168 4
216 172 5
216 174 5
216 176 5
216 178 4
216 181 5
216 182 4
216 183 4
216 185 5
216 187 5
216 191 4
216 194 4
216 195 4
216 196 4
216 197 5
216 199 5
216 200 3
216 202 4
216 203 4
216 204 4
216 209 4
216 210 5
216 211 4
216 213 1
216 215 3
216 216 4
216 217 1
216 219 1
216 220 1
216 225 2
216 226 3
216 230 4
216 234 4
216 237 3
216 238 3
216 239 1
216 240 4
216 241 3
216 242 5
216 245 3
216 246 1
216 249 1
216 250 4
216 251 4
216 252 3
216 253 1
216 254 1
216 257 3
216 258 4
216 259 1
216 264 1
216 266 1
216 268 5
216 272 4
216 274 4
216 275 1
216 276 5
216 277 1
216 281 4
216 283 1
216 284 2
216 285 4
216 286 1
216 287 1
216 288 4
216 289 4
216 294 3
216 295 1
216 297 3
216 298 1
216 301 2
216 304 1
216 307 1
216 312 1
216 313 5
216 315 1
216 316 1
216 317 1
216 318 4
216 319 1
216 322 1
216 323 3
216 326 1
216 327 2
216 328 3
216 329 1
216 331 1
216 332 1
216 333 3
216 338 1
216 339 1
216 346 1
216 347 1
216 348 1
216 354 1
216 356 1
216 357 2
216 364 3
216 366 1
216 367 3
216 369 1
216 375 1
216 378 1
216 385 3
216 388 5
216 393 3
216 395 3
216 396 1
216 399 1
216 401 1
216 402 4
216 403 4
216 404 1
216 405 4
216 411 4
216 412 1
216 416 1
216 417 1
216 418 1
216 419 1
216 423 3
216 425 1
216 427 4
216 431 3
216 432 3
216 433 1
216 443 1
216 448 1
216 451 4
216 452 1
216 462 1
216 463 1
216 468 1
216 469 1
216 471 4
216 472 4
216 473 1
216 475 4
216 476 2
216 479 1
216 480 1
216 496 5
216 498 1
216 500 1
216 501 2
216 506 1
216 509 1
216 515 4
216 526 1
216 531 1
216 532 1
216 538 1
216 546 3
216 549 1
216 553 1
216 554 1
216 559 1
216 560 1
216 564 1
216 568 4
216 576 1
216 578 1
216 585 1
216 588 4
216 591 4
216 592 1
216 607 1
216 614 1
216 619 1
216 625 1
216 627 1
216 628 1
216 633 1
216 651 4
216 652 1
216 657 1
216 658 1
216 660 4
216 662 1
216 676 1
216 678 2
216 682 1
216 684 4
216 685 1
216 686 1
216 689 1
216 690 3
216 692 4
216 693 1
216 696 1
216 699 1
216 707 1
216 708 1
216 710 1
216 712 1
216 713 1
216 717 1
216 720 1
216 721 1
216 723 1
216 724 1
216 729 1
216 734 1
216 735 1
216 737 1
216 738 1
216 739 3
216 746 1
216 747 1
216 748 3
216 750 1
216 754 1
216 755 1
216 761 1
216 762 1
216 763 4
216 768 1
216 770 1
216 775 2
216 778 1
216 781 1
216 783 2
216 785 3
216 790 4
216 792 1
216 794 3
216 795 1
216 803 1
216 807 1
216 812 1
216 815 1
216 819 1
216 821 1
216 824 1
216 833 1
216 834 2
216 840 1
216 842 1
216 843 1
216 845 4
216 849 3
216 864 1
216 865 1
216 866 4
216 873 2
216 874 1
216 879 4
216 895 1
216 915 1
216 916 1
216 917 1
216 918 1
216 928 1
216 929 1
216 930 1
216 931 1
216 934 1
216 936 1
216 937 1
216 938 1
216 941 1
216 955 1
216 959 1
216 966 1
216 972 1
216 975 1
216 980 3
216 985 1
216 990 1
216 997 1
217 122 2
217 168 4
217 182 4
217 252 3
217 421 4
217 1 4
217 3 3
217 5 4
217 7 4
217 11 4
217 12 5
217 13 4
217 15 3
217 16 5
217 17 3
217 20 4
217 23 4
217 24 3
217 27 2
217 29 3
217 32 4
217 39 4
217 42 4
217 44 4
217 47 4
217 50 4
217 51 3
217 55 4
217 56 4
217 58 4
217 62 3
217 63 3
217 64 4
217 65 3
217 67 3
217 68 3
217 69 4
217 70 4
217 72 3
217 73 3
217 77 3
217 78 3
217 79 4
217 80 2
217 81 4
217 82 4
217 83 5
217 89 5
217 91 4
217 95 4
217 96 4
217 97 3
217 98 4
217 99 4
217 100 4
217 101 3
217 106 3
217 109 4
217 118 3
217 120 2
217 123 3
217 125 4
217 127 4
217 131 2
217 132 4
217 135 5
217 139 2
217 142 1
217 144 4
217 145 2
217 147 4
217 154 4
217 157 4
217 159 3
217 162 4
217 164 4
217 167 2
217 169 5
217 171 4
217 172 4
217 173 5
217 174 5
217 176 5
217 178 4
217 179 4
217 181 4
217 183 4
217 184 3
217 186 4
217 190 5
217 195 5
217 196 4
217 198 4
217 200 4
217 201 3
217 202 4
217 206 4
217 207 4
217 208 4
217 211 3
217 214 4
217 216 4
217 217 3
217 218 3
217 219 3
217 222 4
217 223 5
217 226 3
217 228 4
217 232 3
217 234 4
217 235 3
217 242 5
217 245 3
217 246 5
217 248 3
217 250 4
217 255 3
217 257 3
217 258 4
217 260 3
217 264 3
217 265 4
217 270 4
217 273 4
217 286 4
217 288 3
217 290 3
217 293 4
217 294 3
217 298 3
217 323 3
217 324 3
217 325 3
217 326 5
217 340 4
217 357 4
217 358 3
217 364 2
217 367 4
217 373 3
217 380 4
217 382 4
217 384 5
217 385 4
217 386 3
217 388 5
217 391 2
217 392 4
217 393 4
217 395 3
217 396 3
217 399 3
217 402 4
217 403 3
217 404 5
217 413 2
217 419 5
217 420 4
217 422 1
217 423 4
217 425 3
217 428 4
217 431 4
217 433 4
217 436 3
217 441 3
217 444 1
217 447 4
217 449 4
217 451 4
217 452 3
217 461 1
217 465 4
217 472 3
217 474 4
217 475 4
217 483 4
217 484 5
217 485 4
217 498 4
217 501 4
217 508 3
217 513 1
217 518 4
217 541 3
217 544 2
217 545 2
217 546 3
217 550 3
217 551 2
217 552 4
217 555 1
217 559 2
217 561 3
217 562 4
217 563 3
217 574 2
217 578 3
217 579 1
217 582 4
217 588 4
217 596 3
217 597 3
217 614 1
217 616 3
217 625 4
217 628 4
217 631 3
217 636 4
217 638 1
217 640 3
217 642 3
217 655 4
217 658 4
217 665 3
217 668 1
217 669 1
217 674 4
217 679 4
217 684 4
217 685 3
217 692 3
217 708 3
217 709 2
217 710 3
217 715 3
217 723 2
217 725 3
217 727 3
217 728 3
217 732 4
217 742 4
217 746 4
217 747 4
217 748 2
217 758 1
217 762 3
217 764 2
217 765 1
217 767 2
217 769 4
217 774 1
217 778 4
217 781 3
217 783 4
217 792 1
217 796 3
217 797 3
217 800 2
217 804 1
217 809 3
217 810 4
217 815 3
217 825 4
217 827 2
217 831 2
217 849 2
217 855 4
217 871 2
217 895 2
217 923 3
217 928 3
217 940 3
217 943 1
217 944 2
217 946 3
217 963 5
217 979 3
217 999 1
217 1000 1
218 258 5
218 288 5
218 301 2
218 313 3
218 327 1
218 269 3
218 302 4
218 304 3
218 315 4
218 328 3
218 331 3
218 333 4
218 344 1
218 346 3
218 362 1
218 750 3
218 895 1
218 899 1
219 50 5
219 604 5
219 615 5
219 617 4
219 705 5
219 14 5
219 79 4
219 89 5
219 100 5
219 134 5
219 173 3
219 181 5
219 223 1
219 257 1
219 275 4
219 286 4
219 306 4
219 405 3
219 478 4
219 488 2
219 514 4
220 14 5
220 270 3
220 283 5
220 288 3
220 475 4
220 19 3
220 86 3
220 100 4
220 116 4
220 137 4
220 251 3
220 275 4
220 301 4
220 302 4
220 319 4
220 331 1
220 408 1
220 478 4
220 484 5
220 508 4
220 513 4
220 603 4
220 750 4
220 753 1
221 89 5
221 172 5
221 219 3
221 474 4
221 674 5
221 4 4
221 7 4
221 11 2
221 12 5
221 50 5
221 56 4
221 82 3
221 87 5
221 96 4
221 100 5
221 117 3
221 124 5
221 127 4
221 129 1
221 144 4
221 156 4
221 164 4
221 174 5
221 175 4
221 176 4
221 182 4
221 183 4
221 185 4
221 187 4
221 194 4
221 200 3
221 213 3
221 218 3
221 234 4
221 238 4
221 302 4
221 333 1
221 443 4
221 448 1
221 466 1
221 516 1
221 517 1
221 603 4
221 653 4
221 657 4
221 672 1
221 709 1
221 879 1
221 914 1
221 915 5
222 273 5
222 742 2
222 760 3
222 854 4
222 867 3
222 1 3
222 5 3
222 15 3
222 50 5
222 53 2
222 93 2
222 98 4
222 100 5
222 109 3
222 117 4
222 124 4
222 126 1
222 127 4
222 129 1
222 137 1
222 151 4
222 181 4
222 184 1
222 200 4
222 201 2
222 217 1
222 219 3
222 222 4
222 235 4
222 250 5
222 257 3
222 258 4
222 260 1
222 270 1
222 275 3
222 276 4
222 286 4
222 287 1
222 288 3
222 293 1
222 294 3
222 299 3
222 307 4
222 324 1
222 325 1
222 326 2
222 327 1
222 334 1
222 358 1
222 370 1
222 379 3
222 396 2
222 410 4
222 436 2
222 447 2
222 448 2
222 452 3
222 458 1
222 475 5
222 477 1
222 515 5
222 551 2
222 558 3
222 559 1
222 561 2
222 590 1
222 665 3
222 670 1
222 671 5
222 672 1
222 682 1
222 919 1
222 922 1
222 926 1
223 9 5
223 125 2
223 750 5
223 924 4
223 977 1
223 15 4
223 127 4
223 148 2
223 237 4
223 245 3
223 258 4
223 269 4
223 272 4
223 276 3
223 282 3
223 286 3
223 299 4
223 300 3
223 302 4
223 304 2
223 307 2
223 310 4
223 313 5
223 315 5
223 322 2
223 323 3
223 326 1
223 327 3
223 328 3
223 329 2
223 333 3
223 340 2
223 344 1
223 347 4
223 348 3
223 355 3
223 471 3
223 546 3
223 591 4
223 628 4
223 678 1
223 689 4
223 690 4
223 696 1
223 744 1
223 748 2
223 751 3
223 754 1
223 823 2
223 879 2
223 898 2
224 14 4
224 100 5
224 289 5
224 681 3
224 683 3
224 1 4
224 9 4
224 15 4
224 25 4
224 50 5
224 115 1
224 127 5
224 151 4
224 172 4
224 243 2
224 261 1
224 275 4
224 288 3
224 294 2
224 310 1
224 323 2
224 333 3
224 427 5
224 435 5
224 508 3
224 538 1
224 689 4
224 740 1
224 882 1
224 989 1
225 38 3
225 168 5
225 250 4
225 540 2
225 568 3
225 1 4
225 2 3
225 7 4
225 17 2
225 22 4
225 24 3
225 32 4
225 39 2
225 53 2
225 55 4
225 56 5
225 62 3
225 68 3
225 79 4
225 82 3
225 83 4
225 98 4
225 100 4
225 117 3
225 118 3
225 121 3
225 124 4
225 127 4
225 144 4
225 145 2
225 147 3
225 156 4
225 171 4
225 172 4
225 174 5
225 176 4
225 177 4
225 178 3
225 180 4
225 183 4
225 185 4
225 187 4
225 188 4
225 191 4
225 195 4
225 198 4
225 200 4
225 201 2
225 204 4
225 207 4
225 209 4
225 210 4
225 218 3
225 219 2
225 222 3
225 227 3
225 229 3
225 230 3
225 231 3
225 232 3
225 234 4
225 241 3
225 244 3
225 252 2
225 257 4
225 259 2
225 271 2
225 272 4
225 273 3
225 281 3
225 286 3
225 288 3
225 289 2
225 298 3
225 302 4
225 305 1
225 307 2
225 310 4
225 313 4
225 316 3
225 318 4
225 322 3
225 323 3
225 324 3
225 325 3
225 327 2
225 333 1
225 338 1
225 340 3
225 343 2
225 346 3
225 355 3
225 357 4
225 358 2
225 362 1
225 363 2
225 379 1
225 385 3
225 398 1
225 424 1
225 429 4
225 445 2
225 447 4
225 448 3
225 452 1
225 474 4
225 475 4
225 491 4
225 515 4
225 520 3
225 522 3
225 529 3
225 538 1
225 550 3
225 562 3
225 566 3
225 573 4
225 576 2
225 583 3
225 590 1
225 597 3
225 636 2
225 669 1
225 670 4
225 675 4
225 678 3
225 679 3
225 686 4
225 689 1
225 690 3
225 748 3
225 750 4
225 751 4
225 759 2
225 823 2
225 825 4
225 831 2
225 841 2
225 853 1
225 877 2
225 879 4
225 895 1
225 912 2
225 943 3
225 976 1
226 204 3
226 427 5
226 432 3
226 527 3
226 607 4
226 23 4
226 50 4
226 98 5
226 99 4
226 132 4
226 133 4
226 134 4
226 135 3
226 168 4
226 174 4
226 178 4
226 182 4
226 185 4
226 191 4
226 194 4
226 196 4
226 197 4
226 199 4
226 200 4
226 208 4
226 211 4
226 318 5
226 332 3
226 418 3
226 428 4
226 429 1
226 430 2
226 435 4
226 474 5
226 478 4
226 480 4
226 483 4
226 486 3
226 488 1
226 490 4
226 491 1
226 492 1
226 493 2
226 494 4
226 504 4
226 505 1
226 510 4
226 511 5
226 524 4
226 525 5
226 526 1
226 601 1
226 603 4
226 605 3
226 606 1
226 608 5
226 610 1
226 613 4
226 614 3
226 616 4
226 631 1
226 633 4
226 646 1
226 648 1
226 651 5
226 653 1
226 654 4
226 655 4
226 657 5
226 673 4
226 705 4
226 754 1
226 835 4
226 836 1
226 848 1
227 258 4
227 286 4
227 319 3
227 332 5
227 341 5
227 245 3
227 263 1
227 292 3
227 300 4
227 302 3
227 303 4
227 304 4
227 328 3
227 359 1
227 680 2
227 681 1
227 682 1
227 688 1
227 874 1
227 937 2
227 938 1
227 989 2
227 990 1
228 268 4
228 271 2
228 313 5
228 538 4
228 908 4
228 243 1
228 259 2
228 272 4
228 286 3
228 289 3
228 294 3
228 300 3
228 301 3
228 305 4
228 307 3
228 312 3
228 316 4
228 322 3
228 323 3
228 326 3
228 329 3
228 331 3
228 332 3
228 334 2
228 338 2
228 340 3
228 343 2
228 344 4
228 347 3
228 350 3
228 690 4
228 750 4
228 875 1
228 877 2
228 879 3
228 886 1
228 896 3
228 988 1
229 47 4
229 153 4
229 433 3
229 806 2
229 928 2
229 1 3
229 2 2
229 3 1
229 4 4
229 7 4
229 8 4
229 12 5
229 15 4
229 21 1
229 22 4
229 23 4
229 24 3
229 26 4
229 28 3
229 31 4
229 32 2
229 45 3
229 48 1
229 50 4
229 52 4
229 53 2
229 55 4
229 56 4
229 58 4
229 62 3
229 63 1
229 64 4
229 66 3
229 68 1
229 69 4
229 70 4
229 72 3
229 73 1
229 77 3
229 79 4
229 81 1
229 82 3
229 83 4
229 85 4
229 86 1
229 87 2
229 88 3
229 89 4
229 90 2
229 91 4
229 92 2
229 93 4
229 95 3
229 96 4
229 97 4
229 101 3
229 109 4
229 114 1
229 117 3
229 118 3
229 123 2
229 124 4
229 127 5
229 128 1
229 132 4
229 133 4
229 134 5
229 137 1
229 140 1
229 141 4
229 143 4
229 144 4
229 150 1
229 151 4
229 154 4
229 157 2
229 159 1
229 161 3
229 162 2
229 163 1
229 164 4
229 165 1
229 166 1
229 168 5
229 170 1
229 172 4
229 174 5
229 178 2
229 179 5
229 181 4
229 183 5
229 184 3
229 185 4
229 186 4
229 188 4
229 190 5
229 191 4
229 193 4
229 195 4
229 197 5
229 201 4
229 202 3
229 203 4
229 207 1
229 208 4
229 209 4
229 210 4
229 211 4
229 214 4
229 216 4
229 218 4
229 219 1
229 223 2
229 225 1
229 229 3
229 232 1
229 233 1
229 237 3
229 238 5
229 248 4
229 249 1
229 250 1
229 258 4
229 264 1
229 265 4
229 273 2
229 274 3
229 275 1
229 276 4
229 277 4
229 280 4
229 281 2
229 282 4
229 283 1
229 288 3
229 290 1
229 291 3
229 298 1
229 301 1
229 318 4
229 319 1
229 321 1
229 338 1
229 340 1
229 356 2
229 365 1
229 366 2
229 367 3
229 371 1
229 378 1
229 382 4
229 385 3
229 387 1
229 392 4
229 393 3
229 403 4
229 404 1
229 405 3
229 410 3
229 411 2
229 415 1
229 418 1
229 419 2
229 423 4
229 427 5
229 428 3
229 430 1
229 431 4
229 432 4
229 435 5
229 436 2
229 441 1
229 448 1
229 455 3
229 457 1
229 464 2
229 466 4
229 467 1
229 468 4
229 470 3
229 473 1
229 475 4
229 480 5
229 481 1
229 482 1
229 483 5
229 484 1
229 485 4
229 491 1
229 493 1
229 495 1
229 496 4
229 499 2
229 500 4
229 502 1
229 504 2
229 505 1
229 508 4
229 511 4
229 514 4
229 520 1
229 527 4
229 531 1
229 535 1
229 537 4
229 546 2
229 549 2
229 550 2
229 559 3
229 566 4
229 568 4
229 569 2
229 570 1
229 578 1
229 581 4
229 584 4
229 591 4
229 602 1
229 603 4
229 611 4
229 625 2
229 627 3
229 628 3
229 629 1
229 631 1
229 633 2
229 635 1
229 636 2
229 640 2
229 642 3
229 652 1
229 654 5
229 655 4
229 658 1
229 662 1
229 665 1
229 671 1
229 672 2
229 673 2
229 679 2
229 684 3
229 686 1
229 692 3
229 693 3
229 700 2
229 702 1
229 705 2
229 708 1
229 709 2
229 710 1
229 726 1
229 729 1
229 732 4
229 735 2
229 742 4
229 744 1
229 747 1
229 755 1
229 756 3
229 761 1
229 762 1
229 763 2
229 768 1
229 780 1
229 794 1
229 804 1
229 805 1
229 820 1
229 826 2
229 833 1
229 845 4
229 847 1
229 921 2
229 941 4
229 944 1
229 961 1
229 967 1
229 972 4
230 164 3
230 234 4
230 300 3
230 302 4
230 436 4
230 9 4
230 10 2
230 12 5
230 19 2
230 42 3
230 50 5
230 56 4
230 98 4
230 100 5
230 101 2
230 117 3
230 124 4
230 129 2
230 137 5
230 148 3
230 152 3
230 165 4
230 181 4
230 221 3
230 222 3
230 237 4
230 248 2
230 253 5
230 258 4
230 264 2
230 273 3
230 276 4
230 286 4
230 288 4
230 293 3
230 294 3
230 318 4
230 328 3
230 462 4
230 514 4
230 515 4
230 527 4
230 528 5
230 547 2
230 628 3
230 656 4
230 674 3
230 744 1
231 300 4
231 307 3
231 538 4
231 690 3
231 754 3
231 245 2
231 286 3
231 302 4
231 322 3
231 323 3
231 327 3
231 358 1
231 689 1
231 748 3
231 879 2
231 988 2
232 24 1
232 246 4
232 274 3
232 276 4
232 295 3
232 1 4
232 3 2
232 7 4
232 50 4
232 93 4
232 100 4
232 108 3
232 109 3
232 111 3
232 117 4
232 118 3
232 121 4
232 123 3
232 150 4
232 151 3
232 181 4
232 222 3
232 237 3
232 248 4
232 249 3
232 250 4
232 257 4
232 258 4
232 284 3
232 294 3
232 300 3
232 315 3
232 322 1
232 405 3
232 410 3
232 411 3
232 471 3
232 508 3
232 546 3
232 620 2
232 628 3
232 678 2
232 742 4
232 763 3
232 815 1
232 844 1
232 845 4
232 864 1
232 871 2
233 12 5
233 194 5
233 303 4
233 322 2
233 340 3
233 50 5
233 59 4
233 60 4
233 95 4
233 173 4
233 174 4
233 246 4
233 268 4
233 269 3
233 273 4
233 276 4
233 293 1
233 294 3
233 302 4
233 323 3
233 325 3
233 326 4
233 333 3
233 358 2
233 435 4
233 474 4
233 507 4
233 657 4
233 682 1
233 690 3
233 748 3
233 754 2
233 919 5
234 121 4
234 151 5
234 287 5
234 369 4
234 844 3
234 7 4
234 9 4
234 111 4
234 125 3
234 147 3
234 148 2
234 220 1
234 225 3
234 237 3
234 274 3
234 275 4
234 283 4
234 288 4
234 347 4
234 406 1
234 471 4
234 476 2
234 477 1
234 546 3
234 628 4
234 743 1
234 756 1
234 763 3
234 815 1
234 819 4
234 833 3
234 928 1
234 975 1
235 95 3
235 357 4
235 474 3
235 578 5
235 885 3
235 1 4
235 3 2
235 4 4
235 5 1
235 7 4
235 9 4
235 11 4
235 12 5
235 15 4
235 21 1
235 22 4
235 23 3
235 24 2
235 25 2
235 27 1
235 28 4
235 29 1
235 31 3
235 38 1
235 40 1
235 42 1
235 45 5
235 49 1
235 50 5
235 52 1
235 54 1
235 62 1
235 63 1
235 64 5
235 67 1
235 68 1
235 69 4
235 71 4
235 72 1
235 73 1
235 80 1
235 81 1
235 82 3
235 83 4
235 85 1
235 86 3
235 89 4
235 90 1
235 96 4
235 100 4
235 105 1
235 108 3
235 109 2
235 111 4
235 115 1
235 117 2
235 118 3
235 121 3
235 122 1
235 123 1
235 125 3
235 128 1
235 132 4
235 135 4
235 136 1
235 141 1
235 148 1
235 151 3
235 152 1
235 153 4
235 154 4
235 156 1
235 157 1
235 159 1
235 160 1
235 161 3
235 162 1
235 163 1
235 164 1
235 167 1
235 168 4
235 171 1
235 172 4
235 173 5
235 174 5
235 175 4
235 176 4
235 182 4
235 183 4
235 184 1
235 185 4
235 186 5
235 187 4
235 188 4
235 190 1
235 191 4
235 195 4
235 196 4
235 199 4
235 200 4
235 204 5
235 206 1
235 211 4
235 214 1
235 215 4
235 216 4
235 217 1
235 218 4
235 219 1
235 222 3
235 225 1
235 226 4
235 227 2
235 228 3
235 229 3
235 230 2
235 234 4
235 239 1
235 240 1
235 245 1
235 246 1
235 250 1
235 252 1
235 254 1
235 255 1
235 257 1
235 258 3
235 260 1
235 264 1
235 273 1
235 284 3
235 290 3
235 291 1
235 294 3
235 299 1
235 300 2
235 307 1
235 313 5
235 317 1
235 318 4
235 321 4
235 327 1
235 331 1
235 338 1
235 343 1
235 351 1
235 354 1
235 358 1
235 367 4
235 369 1
235 376 1
235 380 1
235 381 1
235 382 4
235 384 1
235 385 3
235 386 1
235 392 1
235 393 3
235 394 1
235 399 1
235 402 3
235 403 3
235 404 1
235 410 2
235 411 2
235 413 1
235 423 4
235 424 1
235 431 1
235 433 3
235 434 1
235 435 5
235 436 1
235 443 4
235 447 2
235 448 1
235 451 3
235 455 1
235 462 4
235 465 1
235 470 1
235 473 1
235 476 2
235 520 1
235 541 1
235 542 1
235 546 3
235 550 1
235 554 1
235 561 1
235 562 1
235 566 4
235 567 1
235 568 3
235 569 4
235 571 1
235 572 1
235 573 1
235 576 1
235 577 1
235 584 1
235 587 1
235 588 4
235 597 1
235 616 1
235 625 1
235 628 1
235 631 1
235 637 1
235 640 1
235 649 1
235 652 1
235 655 5
235 659 1
235 665 1
235 672 1
235 673 1
235 674 1
235 675 1
235 679 1
235 684 3
235 693 4
235 696 1
235 697 3
235 710 1
235 713 1
235 715 1
235 717 1
235 720 1
235 729 1
235 732 3
235 743 1
235 746 1
235 748 2
235 751 1
235 752 1
235 756 1
235 760 2
235 762 1
235 780 1
235 781 1
235 786 1
235 790 1
235 792 1
235 797 1
235 800 1
235 820 1
235 821 1
235 825 4
235 826 3
235 831 1
235 834 1
235 841 1
235 845 1
235 862 1
235 890 1
235 895 1
235 924 1
235 926 1
235 928 1
235 929 1
235 943 1
235 944 1
235 961 1
235 977 1
235 983 1
236 99 3
236 219 5
236 313 5
236 660 4
236 721 3
236 21 1
236 23 1
236 26 1
236 38 3
236 39 1
236 43 1
236 47 3
236 65 1
236 66 4
236 72 1
236 73 1
236 83 4
236 90 1
236 92 1
236 95 4
236 96 4
236 98 5
236 102 1
236 111 4
236 125 3
236 127 4
236 132 4
236 133 2
236 157 1
236 159 1
236 161 3
236 168 4
236 172 4
236 174 5
236 179 4
236 182 3
236 186 4
236 200 4
236 204 4
236 215 5
236 216 4
236 217 1
236 218 4
236 226 2
236 238 4
236 265 4
236 276 4
236 287 3
236 288 4
236 325 2
236 327 3
236 340 4
236 347 4
236 367 4
236 381 1
236 392 1
236 400 1
236 411 3
236 433 4
236 441 1
236 447 3
236 454 3
236 503 1
236 504 1
236 506 1
236 537 1
236 546 3
236 553 2
236 559 1
236 568 4
236 581 2
236 585 1
236 595 1
236 628 1
236 642 1
236 649 1
236 655 4
236 658 1
236 708 1
236 710 1
236 715 2
236 723 2
236 739 4
236 742 4
236 746 2
236 748 3
236 761 1
236 762 2
236 763 1
236 785 1
236 787 1
236 790 1
236 794 1
236 821 1
236 845 4
236 895 2
236 974 3
237 50 5
237 170 5
237 180 4
237 479 5
237 707 3
237 5 1
237 11 4
237 12 5
237 14 5
237 28 4
237 30 4
237 42 3
237 47 4
237 51 4
237 56 4
237 58 4
237 65 4
237 69 4
237 70 4
237 77 4
237 79 4
237 82 4
237 83 4
237 86 5
237 87 4
237 88 4
237 89 4
237 90 1
237 91 3
237 95 3
237 97 4
237 98 4
237 99 4
237 111 4
237 116 4
237 118 3
237 124 5
237 131 4
237 132 4
237 133 4
237 134 4
237 137 5
237 143 3
237 144 4
237 145 1
237 151 4
237 154 4
237 155 3
237 161 3
237 162 4
237 165 2
237 166 3
237 168 4
237 173 5
237 174 4
237 176 4
237 179 4
237 181 4
237 183 4
237 185 4
237 186 4
237 190 5
237 191 4
237 195 4
237 197 4
237 204 4
237 207 2
237 208 4
237 211 4
237 212 2
237 213 4
237 214 3
237 216 4
237 217 4
237 218 4
237 219 1
237 229 3
237 234 4
237 237 3
237 238 4
237 239 4
237 244 2
237 253 1
237 254 1
237 265 4
237 275 4
237 276 4
237 281 3
237 283 5
237 286 4
237 287 4
237 288 4
237 292 1
237 301 3
237 318 5
237 378 2
237 381 4
237 387 2
237 393 3
237 402 3
237 404 4
237 412 2
237 415 3
237 418 3
237 419 3
237 421 1
237 423 5
237 428 3
237 432 4
237 433 4
237 435 4
237 436 1
237 447 4
237 450 1
237 451 4
237 463 5
237 466 3
237 473 3
237 478 4
237 480 4
237 482 4
237 483 4
237 484 4
237 485 4
237 496 4
237 497 2
237 499 2
237 501 3
237 507 2
237 512 4
237 514 4
237 517 2
237 518 4
237 521 4
237 523 4
237 559 4
237 566 4
237 581 1
237 582 4
237 583 1
237 584 1
237 588 3
237 603 4
237 607 1
237 614 1
237 629 3
237 640 1
237 642 2
237 651 4
237 652 4
237 654 4
237 655 4
237 657 5
237 658 2
237 660 4
237 663 2
237 665 3
237 672 2
237 674 1
237 683 1
237 684 3
237 692 3
237 696 4
237 697 3
237 698 1
237 699 2
237 702 3
237 705 4
237 708 3
237 709 5
237 710 1
237 727 1
237 730 1
237 732 3
237 736 4
237 737 3
237 739 4
237 746 2
237 747 4
237 748 3
237 753 4
237 755 4
237 770 4
237 778 3
237 781 3
237 794 3
237 812 1
237 842 4
237 843 4
237 946 1
237 955 4
237 969 4
238 15 4
238 255 4
238 286 2
238 864 3
238 866 5
238 1 4
238 9 3
238 21 1
238 50 4
238 100 4
238 118 3
238 121 3
238 181 4
238 220 1
238 237 3
238 245 3
238 269 4
238 280 4
238 321 3
238 471 4
238 476 3
238 815 1
238 845 4
239 14 5
239 246 4
239 307 3
239 591 4
239 895 3
239 7 3
239 13 3
239 93 1
239 100 5
239 121 4
239 125 4
239 147 4
239 237 4
239 240 3
239 242 5
239 257 4
239 273 4
239 276 4
239 282 3
239 285 4
239 288 4
239 293 4
239 300 4
239 301 3
239 405 3
239 475 4
240 171 5
240 313 4
240 736 5
240 749 3
240 751 3
240 70 4
240 86 4
240 198 1
240 242 1
240 243 1
240 271 3
240 272 4
240 283 2
240 300 4
240 310 2
240 312 1
240 319 3
240 323 4
240 328 4
240 329 1
240 340 3
240 350 1
240 512 1
240 515 4
240 582 4
240 690 3
240 750 4
240 886 1
240 904 1
240 921 4
240 937 3
240 971 1
240 988 1
241 7 4
241 117 4
241 259 3
241 294 4
241 683 2
241 1 4
241 9 4
241 15 4
241 25 3
241 121 4
241 288 3
241 313 4
241 342 4
241 405 3
241 751 4
242 14 1
242 29 3
242 67 3
242 98 4
242 576 2
242 7 4
242 11 5
242 12 4
242 17 1
242 22 4
242 26 1
242 27 1
242 31 4
242 33 4
242 38 3
242 39 1
242 41 1
242 42 4
242 44 1
242 53 1
242 54 3
242 55 4
242 56 5
242 62 4
242 64 5
242 68 4
242 79 4
242 82 4
242 100 4
242 117 4
242 129 1
242 144 4
242 150 3
242 154 3
242 156 4
242 159 1
242 161 3
242 168 4
242 174 5
242 176 5
242 177 4
242 182 4
242 184 1
242 186 4
242 195 5
242 203 4
242 204 4
242 209 4
242 210 4
242 217 1
242 219 1
242 226 4
242 228 4
242 229 3
242 230 3
242 231 3
242 234 4
242 240 3
242 273 4
242 276 4
242 281 3
242 286 4
242 288 4
242 294 4
242 318 4
242 342 1
242 350 1
242 367 3
242 385 4
242 401 1
242 403 4
242 410 4
242 436 1
242 449 2
242 452 1
242 482 3
242 508 5
242 546 3
242 550 3
242 554 2
242 559 2
242 569 2
242 572 1
242 578 3
242 591 4
242 628 3
242 635 1
242 636 1
242 665 2
242 672 2
242 684 4
242 685 3
242 695 1
242 710 2
242 746 2
242 769 3
242 780 1
242 800 3
242 810 1
242 834 2
242 873 1
242 943 3
242 975 4
242 979 1
242 988 1
243 12 5
243 294 5
243 327 4
243 343 5
243 644 3
243 258 3
243 271 1
243 286 3
243 309 1
243 313 4
243 323 2
243 340 3
243 358 1
243 678 3
243 687 1
244 251 5
244 275 4
244 751 4
244 906 4
244 912 4
244 9 5
244 50 3
244 100 5
244 245 1
244 258 1
244 271 1
244 300 1
244 313 5
244 515 1
244 678 1
244 748 1
244 916 1
245 23 3
245 100 2
245 237 2
245 293 3
245 410 1
245 7 4
245 9 4
245 12 5
245 28 4
245 50 5
245 55 4
245 64 5
245 79 4
245 87 4
245 117 4
245 118 3
245 121 4
245 123 3
245 127 5
245 144 4
245 147 3
245 150 4
245 174 4
245 181 4
245 195 4
245 203 4
245 204 4
245 208 4
245 209 4
245 221 2
245 235 2
245 245 4
245 246 4
245 248 4
245 268 4
245 273 4
245 276 4
245 291 3
245 295 1
245 302 4
245 310 2
245 313 5
245 324 1
245 325 3
245 330 1
245 333 3
245 340 4
245 346 1
245 405 3
245 408 4
245 460 1
245 475 3
245 479 4
245 480 4
245 504 4
245 544 1
245 591 4
245 595 1
245 597 3
245 603 4
245 628 4
245 644 2
245 689 2
245 742 4
245 744 4
245 748 3
245 752 1
245 762 3
245 763 3
245 818 2
245 823 3
245 829 3
245 831 1
245 840 1
245 844 2
245 845 4
245 871 2
245 881 1
245 886 4
245 895 1
245 908 1
245 919 3
245 959 2
245 979 3
246 301 3
246 327 2
246 334 3
246 359 3
246 690 2
246 268 4
246 269 4
246 270 1
246 286 4
246 288 3
246 292 1
246 294 2
246 302 4
246 303 2
246 306 1
246 311 1
246 326 2
246 328 3
246 332 1
246 688 1
246 748 2
246 754 1
246 880 1
246 883 1
246 887 1
246 888 1
247 11 4
247 91 4
247 121 5
247 133 4
247 469 4
247 1 4
247 5 3
247 7 4
247 9 4
247 17 1
247 27 1
247 28 4
247 31 4
247 55 3
247 56 4
247 65 1
247 68 3
247 69 4
247 70 3
247 85 3
247 89 4
247 96 4
247 98 4
247 100 5
247 111 4
247 117 4
247 123 3
247 135 4
247 144 4
247 147 4
247 148 4
247 150 1
247 151 4
247 153 4
247 156 4
247 157 1
247 158 2
247 174 5
247 176 4
247 180 5
247 183 4
247 204 4
247 206 1
247 209 4
247 218 4
247 222 4
247 227 4
247 231 3
247 233 3
247 234 4
247 248 2
247 252 4
247 258 4
247 260 2
247 281 3
247 284 3
247 286 4
247 288 3
247 290 3
247 293 4
247 298 2
247 300 3
247 367 3
247 405 3
247 410 3
247 435 4
247 447 1
247 470 1
247 483 5
247 484 1
247 498 4
247 544 1
247 546 3
247 559 1
247 582 5
247 591 4
247 597 3
247 629 1
247 642 1
247 678 3
247 742 4
247 748 3
247 760 2
247 815 4
247 823 2
247 845 4
247 866 3
247 879 1
247 926 4
247 963 1
247 981 1
248 286 2
248 319 5
248 340 4
248 896 5
248 900 3
248 262 1
248 268 3
248 269 2
248 271 2
248 292 1
248 301 2
248 303 2
248 304 1
248 305 1
248 307 3
248 316 1
248 321 3
248 327 3
248 333 3
248 338 1
248 344 1
248 345 1
248 360 2
248 750 4
248 884 1
248 887 1
248 902 1
249 224 4
249 269 5
249 291 2
249 473 3
249 748 2
249 9 4
249 15 4
249 59 2
249 60 1
249 61 1
249 100 4
249 105 1
249 117 4
249 118 3
249 122 1
249 127 4
249 137 5
249 170 2
249 171 5
249 179 5
249 212 1
249 244 3
249 248 1
249 251 3
249 273 4
249 276 4
249 282 3
249 285 3
249 286 4
249 288 3
249 293 4
249 310 4
249 337 1
249 381 4
249 410 3
249 459 2
249 546 3
249 558 1
249 702 3
249 742 3
249 753 1
249 763 1
249 936 5
249 971 5
249 983 1
250 90 4
250 402 4
250 451 4
250 705 4
250 951 4
250 1 1
250 2 1
250 3 1
250 4 1
250 7 1
250 10 1
250 12 1
250 13 1
250 15 1
250 26 1
250 28 1
250 29 1
250 35 1
250 38 1
250 39 1
250 49 1
250 51 1
250 54 1
250 56 1
250 58 1
250 60 1
250 64 1
250 65 1
250 66 1
250 67 1
250 70 1
250 71 1
250 73 1
250 77 1
250 79 1
250 80 1
250 81 1
250 82 1
250 83 1
250 86 1
250 87 1
250 88 1
250 89 1
250 92 1
250 94 1
250 95 1
250 97 1
250 98 1
250 99 1
250 100 1
250 101 1
250 110 1
250 112 1
250 114 1
250 117 1
250 121 1
250 123 1
250 125 1
250 126 1
250 127 1
250 131 1
250 132 1
250 133 1
250 134 1
250 135 1
250 136 1
250 139 1
250 141 1
250 142 1
250 143 1
250 144 1
250 145 1
250 152 1
250 153 1
250 154 1
250 155 1
250 157 1
250 158 1
250 161 1
250 162 1
250 163 1
250 164 1
250 166 1
250 167 1
250 168 1
250 169 1
250 173 1
250 174 1
250 176 1
250 177 1
250 179 1
250 180 1
250 182 1
250 183 1
250 185 1
250 187 1
250 191 1
250 192 1
250 193 1
250 194 1
250 195 1
250 196 1
250 197 1
250 199 1
250 200 1
250 202 1
250 203 1
250 204 1
250 205 1
250 207 1
250 208 1
250 210 1
250 211 1
250 215 1
250 216 1
250 218 1
250 222 1
250 223 1
250 225 1
250 226 1
250 227 1
250 229 1
250 231 1
250 233 1
250 237 1
250 238 1
250 239 1
250 241 1
250 245 1
250 252 1
250 254 1
250 258 1
250 264 1
250 265 1
250 269 1
250 270 1
250 272 1
250 274 1
250 275 1
250 277 1
250 278 1
250 280 1
250 281 1
250 282 1
250 283 1
250 287 1
250 288 1
250 290 1
250 292 1
250 294 1
250 299 1
250 300 1
250 301 1
250 302 1
250 304 1
250 305 1
250 310 1
250 311 1
250 312 1
250 313 1
250 315 1
250 316 1
250 328 1
250 332 1
250 340 1
250 354 1
250 357 1
250 367 1
250 371 1
250 373 1
250 378 1
250 380 1
250 381 1
250 382 1
250 383 1
250 384 1
250 385 1
250 387 1
250 393 1
250 395 1
250 396 1
250 400 1
250 401 1
250 414 1
250 416 1
250 417 1
250 418 1
250 419 1
250 421 1
250 422 1
250 427 1
250 428 1
250 430 1
250 431 1
250 432 1
250 433 1
250 434 1
250 435 1
250 443 1
250 448 1
250 455 1
250 462 1
250 465 1
250 467 1
250 468 1
250 469 1
250 470 1
250 471 1
250 472 1
250 474 1
250 476 1
250 477 1
250 478 1
250 479 1
250 480 1
250 481 1
250 482 1
250 483 1
250 484 1
250 487 1
250 488 1
250 490 1
250 491 1
250 493 1
250 494 1
250 495 1
250 496 1
250 497 1
250 499 1
250 500 1
250 502 1
250 503 1
250 505 1
250 506 1
250 507 1
250 509 1
250 510 1
250 511 1
250 514 1
250 518 1
250 520 1
250 523 1
250 525 1
250 526 1
250 527 1
250 528 1
250 530 1
250 535 1
250 549 1
250 550 1
250 553 1
250 557 1
250 558 1
250 559 1
250 561 1
250 566 1
250 568 1
250 570 1
250 582 1
250 583 1
250 589 1
250 591 1
250 602 1
250 604 1
250 606 1
250 607 1
250 608 1
250 609 1
250 610 1
250 611 1
250 612 1
250 613 1
250 614 1
250 618 1
250 620 1
250 622 1
250 629 1
250 630 1
250 631 1
250 632 1
250 633 1
250 637 1
250 642 1
250 647 1
250 648 1
250 650 1
250 651 1
250 655 1
250 657 1
250 659 1
250 660 1
250 661 1
250 663 1
250 673 1
250 679 1
250 685 1
250 686 1
250 689 1
250 692 1
250 693 1
250 700 1
250 704 1
250 707 1
250 708 1
250 709 1
250 710 1
250 712 1
250 714 1
250 715 1
250 716 1
250 717 1
250 723 1
250 727 1
250 728 1
250 729 1
250 731 1
250 735 1
250 736 1
250 739 1
250 742 1
250 747 1
250 748 1
250 751 1
250 761 1
250 762 1
250 765 1
250 771 1
250 774 1
250 775 1
250 778 1
250 783 1
250 785 1
250 790 1
250 792 1
250 794 1
250 801 1
250 807 1
250 815 1
250 821 1
250 823 1
250 832 1
250 837 1
250 842 1
250 845 1
250 846 1
250 847 1
250 865 1
250 869 1
250 873 1
250 878 1
250 900 1
250 902 1
250 904 1
250 905 1
250 908 1
250 921 1
250 923 1
250 926 1
250 928 1
250 934 1
250 936 1
250 939 1
250 940 1
250 942 1
250 956 1
250 965 1
250 966 1
250 967 1
250 969 1
251 262 1
251 289 1
251 305 3
251 319 2
251 682 4
251 242 5
251 243 1
251 259 2
251 260 1
251 263 1
251 264 1
251 268 4
251 269 4
251 270 2
251 286 4
251 288 4
251 292 1
251 294 3
251 299 1
251 300 4
251 301 3
251 303 3
251 307 1
251 308 1
251 322 3
251 323 3
251 325 2
251 327 3
251 328 3
251 329 1
251 330 1
251 331 2
251 332 3
251 333 3
251 336 2
251 337 1
251 359 1
251 360 1
251 457 1
251 680 1
251 681 1
251 683 1
251 687 1
251 688 1
251 690 3
251 749 1
251 872 1
251 874 2
251 875 1
251 877 1
251 879 4
251 880 2
251 881 1
251 882 1
251 883 1
251 884 1
251 937 1
251 938 3
251 984 2
251 989 1
251 991 1
251 995 1
252 73 3
252 168 4
252 171 4
252 432 2
252 492 4
252 7 4
252 8 4
252 14 4
252 22 4
252 25 3
252 27 2
252 45 3
252 48 4
252 52 1
252 58 4
252 60 3
252 61 4
252 62 3
252 64 5
252 66 2
252 69 4
252 70 3
252 79 4
252 86 2
252 88 4
252 89 4
252 96 4
252 97 4
252 99 4
252 111 4
252 121 4
252 124 4
252 127 4
252 132 4
252 134 4
252 135 4
252 136 3
252 143 3
252 152 1
252 154 4
252 156 4
252 161 3
252 162 1
252 163 3
252 170 4
252 173 4
252 174 5
252 180 4
252 181 4
252 183 4
252 185 4
252 186 4
252 187 4
252 188 4
252 191 4
252 194 4
252 195 4
252 197 4
252 201 2
252 202 4
252 203 4
252 204 4
252 207 4
252 211 4
252 212 3
252 216 4
252 234 4
252 237 3
252 243 1
252 245 1
252 259 1
252 269 4
252 276 4
252 286 4
252 294 3
252 318 4
252 371 1
252 384 1
252 404 4
252 418 3
252 419 3
252 420 2
252 423 4
252 427 5
252 430 4
252 435 4
252 443 4
252 455 3
252 458 1
252 461 2
252 462 4
252 465 1
252 467 2
252 472 3
252 479 5
252 482 4
252 483 5
252 485 3
252 488 1
252 490 3
252 491 2
252 494 3
252 495 2
252 496 4
252 498 4
252 502 4
252 506 3
252 509 3
252 510 5
252 513 3
252 517 1
252 518 4
252 521 2
252 523 4
252 526 1
252 530 1
252 531 4
252 554 1
252 576 2
252 588 4
252 597 3
252 603 4
252 609 2
252 614 2
252 615 4
252 624 2
252 631 1
252 636 2
252 641 5
252 648 1
252 654 5
252 659 1
252 660 4
252 684 4
252 729 1
252 736 3
252 780 1
252 781 1
252 792 1
252 805 1
252 815 2
252 856 4
252 863 1
252 874 5
252 924 3
252 947 4
252 969 1
252 971 1
253 254 2
253 384 2
253 508 4
253 509 4
253 628 3
253 3 1
253 4 3
253 7 3
253 9 4
253 11 4
253 12 4
253 17 2
253 22 4
253 24 3
253 33 5
253 42 2
253 48 4
253 49 1
253 50 5
253 53 1
253 59 4
253 68 3
253 69 3
253 73 1
253 77 3
253 79 4
253 80 1
253 93 3
253 94 4
253 97 3
253 98 4
253 100 4
253 117 3
253 122 1
253 125 4
253 132 4
253 143 4
253 154 4
253 156 4
253 157 4
253 158 1
253 164 2
253 168 4
253 172 5
253 174 4
253 181 4
253 184 4
253 186 4
253 188 4
253 196 4
253 204 4
253 210 4
253 214 3
253 223 3
253 231 3
253 233 4
253 234 5
253 238 4
253 239 1
253 246 4
253 248 2
253 258 4
253 268 4
253 276 4
253 288 4
253 298 4
253 318 3
253 354 1
253 356 1
253 357 4
253 364 1
253 367 3
253 369 1
253 385 4
253 393 4
253 401 1
253 402 4
253 410 3
253 412 1
253 416 3
253 421 3
253 423 4
253 424 1
253 427 5
253 456 1
253 471 3
253 475 4
253 476 2
253 496 5
253 515 5
253 550 3
253 552 2
253 566 4
253 568 4
253 578 4
253 586 3
253 591 4
253 651 4
253 655 4
253 684 4
253 693 4
253 697 5
253 717 2
253 721 1
253 742 4
253 871 1
253 959 2
253 963 4
253 975 4
254 133 4
254 134 3
254 245 3
254 248 3
254 724 3
254 1 4
254 11 3
254 12 5
254 15 4
254 22 5
254 28 5
254 50 4
254 51 3
254 55 1
254 56 4
254 58 4
254 66 3
254 69 4
254 70 3
254 73 3
254 76 3
254 77 2
254 79 4
254 82 3
254 87 2
254 88 4
254 89 5
254 96 5
254 97 4
254 98 4
254 99 4
254 100 4
254 107 4
254 114 5
254 117 3
254 118 3
254 121 4
254 124 5
254 131 5
254 136 2
254 143 4
254 144 4
254 153 4
254 161 4
254 162 4
254 164 4
254 169 1
254 172 4
254 173 5
254 174 4
254 181 4
254 182 4
254 185 4
254 191 4
254 193 4
254 194 4
254 195 4
254 196 4
254 197 5
254 199 4
254 202 3
254 203 4
254 204 4
254 210 4
254 211 5
254 215 3
254 222 3
254 228 4
254 234 4
254 237 4
254 250 4
254 255 2
254 257 4
254 258 4
254 259 2
254 260 1
254 270 4
254 272 4
254 277 1
254 279 1
254 286 4
254 289 2
254 293 1
254 300 4
254 310 1
254 315 1
254 316 1
254 317 3
254 318 5
254 322 2
254 323 3
254 326 1
254 356 3
254 357 5
254 378 3
254 385 4
254 392 3
254 404 1
254 414 1
254 418 1
254 419 1
254 423 4
254 427 5
254 431 4
254 434 4
254 435 5
254 451 4
254 454 2
254 465 1
254 468 1
254 474 5
254 478 3
254 479 4
254 482 4
254 483 5
254 484 2
254 485 2
254 487 4
254 490 2
254 492 2
254 493 4
254 496 5
254 497 4
254 507 3
254 509 2
254 519 4
254 520 5
254 526 2
254 528 5
254 531 1
254 566 2
254 568 4
254 603 5
254 605 4
254 607 4
254 610 1
254 612 1
254 614 4
254 627 2
254 631 2
254 633 2
254 642 1
254 649 1
254 651 4
254 654 4
254 655 4
254 657 2
254 659 2
254 660 4
254 661 2
254 678 3
254 685 3
254 686 4
254 692 3
254 693 4
254 694 4
254 705 1
254 707 1
254 735 5
254 736 1
254 740 1
254 742 3
254 746 1
254 836 5
254 837 4
254 842 1
254 873 1
254 875 1
254 879 1
254 939 4
254 945 5
254 956 4
254 961 1
254 968 1
255 40 3
255 241 4
255 288 2
255 301 2
255 423 5
255 1 4
255 2 3
255 4 4
255 7 3
255 8 4
255 9 5
255 12 4
255 14 5
255 17 1
255 20 4
255 24 3
255 25 3
255 31 4
255 39 2
255 42 4
255 44 4
255 47 4
255 53 3
255 56 4
255 57 4
255 58 4
255 64 5
255 65 4
255 69 4
255 70 4
255 71 4
255 87 4
255 89 4
255 95 4
255 96 4
255 97 4
255 98 4
255 100 5
255 118 3
255 123 3
255 125 4
255 126 3
255 127 5
255 135 4
255 148 3
255 161 4
255 170 4
255 173 4
255 174 5
255 176 4
255 191 4
255 196 4
255 197 4
255 204 4
255 214 3
255 217 2
255 222 3
255 223 4
255 228 4
255 234 4
255 237 4
255 245 3
255 252 3
255 255 4
255 257 4
255 265 4
255 270 4
255 275 4
255 276 4
255 277 3
255 279 5
255 281 3
255 282 4
255 289 2
255 291 2
255 292 5
255 293 1
255 298 4
255 300 3
255 304 4
255 307 4
255 313 4
255 317 2
255 318 5
255 321 3
255 323 3
255 334 3
255 343 2
255 380 1
255 382 3
255 393 4
255 402 4
255 405 3
255 428 4
255 447 4
255 455 3
255 462 4
255 465 2
255 471 3
255 475 3
255 504 4
255 508 4
255 511 5
255 515 5
255 518 4
255 529 4
255 531 4
255 549 3
255 582 3
255 584 2
255 591 4
255 597 3
255 627 1
255 628 4
255 629 3
255 647 4
255 660 4
255 678 4
255 692 4
255 694 4
255 709 3
255 724 1
255 727 4
255 738 3
255 747 3
255 755 2
255 778 2
255 898 1
255 934 3
255 939 2
256 9 3
256 71 3
256 121 2
256 200 4
256 616 3
256 1 4
256 3 1
256 4 4
256 12 5
256 13 4
256 22 4
256 23 5
256 32 1
256 42 4
256 46 1
256 50 4
256 53 1
256 54 2
256 57 2
256 60 1
256 61 1
256 68 1
256 69 3
256 79 4
256 80 1
256 86 1
256 91 1
256 92 1
256 95 3
256 97 3
256 99 4
256 100 4
256 101 1
256 111 3
256 125 2
256 127 5
256 133 4
256 135 4
256 143 4
256 161 3
256 168 4
256 170 1
256 172 4
256 174 4
256 175 4
256 177 2
256 179 5
256 180 4
256 181 4
256 182 4
256 185 4
256 186 4
256 187 4
256 188 2
256 194 4
256 196 4
256 197 4
256 202 3
256 208 4
256 210 4
256 211 4
256 216 4
256 218 3
256 222 3
256 226 2
256 228 3
256 231 3
256 232 1
256 234 4
256 238 4
256 268 4
256 273 3
256 274 3
256 282 2
256 286 4
256 294 4
256 325 1
256 346 1
256 357 4
256 366 1
256 369 1
256 380 1
256 403 4
256 410 3
256 414 1
256 419 2
256 421 1
256 423 4
256 427 4
256 431 3
256 432 4
256 433 3
256 443 4
256 447 4
256 448 1
256 449 1
256 452 1
256 460 1
256 461 1
256 462 4
256 474 5
256 475 4
256 479 4
256 484 1
256 490 1
256 498 4
256 505 1
256 506 1
256 508 4
256 523 4
256 546 3
256 559 2
256 568 3
256 578 1
256 581 2
256 582 3
256 603 4
256 608 1
256 640 1
256 655 4
256 658 1
256 660 4
256 662 1
256 672 1
256 673 1
256 693 4
256 696 1
256 708 1
256 710 1
256 715 1
256 720 1
256 721 1
256 737 1
256 743 1
256 763 2
256 789 1
256 806 1
256 818 1
256 845 3
256 864 1
256 919 1
256 922 4
256 933 1
256 943 3
256 955 1
256 959 4
256 963 1
256 979 3
256 985 2
257 83 5
257 132 5
257 195 5
257 366 4
257 756 2
257 4 3
257 7 4
257 8 4
257 9 4
257 11 5
257 12 5
257 14 5
257 15 4
257 20 1
257 22 5
257 27 4
257 31 4
257 38 2
257 44 3
257 45 4
257 48 4
257 50 5
257 51 4
257 52 4
257 53 3
257 54 4
257 56 4
257 57 1
257 58 4
257 59 5
257 62 3
257 64 5
257 65 4
257 66 4
257 70 3
257 77 3
257 79 5
257 82 4
257 86 3
257 89 4
257 91 3
257 94 4
257 96 4
257 97 4
257 100 5
257 105 3
257 111 4
257 114 1
257 117 4
257 118 4
257 122 1
257 127 5
257 134 4
257 137 5
257 143 4
257 144 4
257 148 4
257 151 4
257 155 3
257 156 4
257 157 5
257 161 4
257 162 3
257 164 4
257 168 4
257 172 4
257 173 4
257 174 5
257 176 5
257 180 4
257 181 4
257 182 4
257 183 5
257 185 4
257 186 4
257 190 5
257 191 4
257 192 4
257 193 4
257 194 4
257 196 4
257 197 4
257 200 4
257 203 4
257 204 4
257 209 4
257 214 4
257 215 4
257 216 3
257 218 4
257 219 3
257 223 5
257 226 4
257 228 4
257 229 3
257 230 3
257 231 3
257 232 1
257 234 4
257 235 2
257 237 4
257 239 2
257 240 3
257 241 4
257 243 1
257 248 4
257 257 4
257 258 4
257 265 5
257 282 4
257 285 1
257 288 4
257 304 4
257 318 5
257 357 4
257 370 1
257 372 3
257 373 4
257 378 4
257 380 2
257 385 4
257 393 4
257 395 3
257 401 1
257 402 4
257 403 4
257 405 3
257 410 4
257 411 3
257 412 3
257 417 3
257 425 4
257 428 3
257 436 4
257 443 4
257 448 4
257 450 2
257 452 3
257 453 2
257 455 3
257 456 1
257 458 4
257 462 4
257 469 3
257 470 3
257 471 4
257 472 4
257 473 4
257 474 4
257 476 2
257 483 4
257 500 4
257 507 4
257 509 4
257 527 4
257 529 4
257 531 5
257 540 1
257 546 3
257 549 4
257 553 1
257 554 1
257 559 3
257 566 4
257 568 4
257 582 3
257 584 4
257 588 4
257 597 3
257 623 1
257 628 3
257 629 4
257 631 2
257 632 1
257 636 3
257 640 3
257 651 4
257 655 4
257 658 3
257 664 4
257 673 3
257 679 3
257 692 3
257 699 4
257 704 3
257 708 3
257 709 4
257 717 3
257 720 2
257 722 1
257 727 4
257 729 3
257 732 3
257 739 3
257 742 4
257 744 3
257 747 4
257 755 2
257 758 2
257 769 3
257 770 3
257 775 1
257 783 1
257 792 4
257 819 2
257 825 4
257 841 3
257 845 4
257 871 1
257 931 2
257 934 1
257 948 1
257 949 4
257 959 5
257 980 3
258 13 4
258 181 2
258 283 5
258 330 3
258 597 3
258 8 4
258 9 4
258 12 5
258 14 4
258 20 2
258 23 4
258 25 3
258 28 4
258 32 1
258 48 1
258 50 4
258 57 4
258 58 1
258 86 2
258 96 4
258 98 4
258 117 3
258 121 3
258 124 4
258 126 4
258 127 5
258 129 3
258 134 4
258 143 4
258 144 3
258 147 3
258 152 1
258 169 1
258 174 4
258 178 1
258 179 4
258 180 4
258 182 4
258 183 4
258 187 4
258 189 1
258 190 5
258 191 4
258 192 1
258 193 3
258 195 4
258 203 3
258 208 4
258 209 4
258 234 4
258 237 3
258 238 5
258 245 3
258 250 3
258 255 3
258 273 4
258 278 1
258 282 4
258 284 3
258 285 5
258 286 4
258 287 2
258 288 3
258 289 3
258 293 1
258 298 3
258 301 3
258 304 1
258 307 1
258 317 1
258 318 5
258 319 2
258 321 3
258 333 3
258 346 1
258 357 4
258 387 1
258 405 3
258 408 1
258 410 3
258 423 4
258 425 1
258 427 5
258 430 1
258 461 1
258 467 2
258 469 1
258 473 1
258 474 4
258 496 4
258 509 1
258 514 4
258 517 1
258 521 2
258 526 4
258 529 2
258 530 3
258 546 3
258 582 4
258 588 4
258 589 1
258 591 4
258 596 2
258 603 5
258 632 2
258 644 1
258 648 1
258 651 4
258 654 3
258 663 1
258 685 3
258 694 3
258 696 1
258 704 3
258 709 1
258 717 1
258 736 1
258 742 3
258 744 1
258 750 1
258 753 4
258 792 1
258 844 1
258 847 1
258 896 1
258 925 1
258 939 1
258 952 3
258 956 1
258 980 3
259 134 3
259 252 4
259 336 2
259 546 1
259 832 3
259 1 4
259 3 2
259 7 4
259 8 4
259 15 4
259 16 1
259 19 2
259 22 4
259 25 3
259 79 4
259 100 4
259 108 1
259 111 4
259 117 4
259 120 1
259 121 4
259 123 1
259 147 3
259 148 3
259 164 3
259 172 5
259 174 5
259 181 5
259 194 4
259 216 4
259 220 1
259 222 4
259 225 1
259 230 4
259 245 3
259 249 1
259 250 4
259 255 3
259 258 4
259 260 1
259 264 1
259 274 4
259 278 2
259 282 4
259 286 4
259 289 3
259 291 3
259 295 1
259 300 3
259 301 2
259 322 3
259 323 3
259 328 4
259 332 1
259 333 4
259 357 4
259 358 2
259 411 3
259 472 3
259 473 1
259 523 4
259 568 4
259 596 3
259 597 3
259 651 5
259 676 1
259 678 3
259 685 4
259 687 2
259 742 4
259 748 3
259 815 1
259 825 1
259 827 2
259 846 1
259 864 1
259 866 4
259 873 1
259 879 1
259 934 1
259 969 5
259 978 1
259 989 1
259 993 4
260 221 4
260 248 4
260 302 4
260 313 4
260 327 4
260 1 1
260 7 1
260 10 1
260 14 1
260 20 1
260 117 1
260 127 1
260 129 1
260 146 1
260 149 1
260 224 1
260 242 1
260 250 1
260 253 1
260 257 1
260 258 1
260 273 1
260 275 1
260 276 1
260 279 1
260 285 1
260 286 1
260 289 1
260 293 1
260 294 1
260 297 1
260 301 1
260 303 1
260 307 1
260 311 1
260 322 1
260 458 1
260 515 1
260 532 1
260 591 1
260 676 1
260 713 1
260 744 1
260 847 1
261 158 2
261 259 2
261 269 3
261 347 4
261 682 1
261 9 5
261 50 5
261 121 4
261 242 5
261 255 3
261 285 1
261 302 4
261 304 1
261 313 4
261 319 3
261 321 3
262 22 5
262 136 4
262 321 5
262 358 1
262 682 5
262 11 4
262 100 4
262 237 4
262 259 1
262 271 3
262 272 2
262 288 5
262 289 4
262 292 2
262 300 4
262 310 1
262 313 5
262 315 4
262 323 3
262 330 1
262 332 3
262 678 3
262 866 3
262 895 4
263 10 1
263 127 5
263 248 3
263 282 3
263 596 3
263 3 2
263 7 4
263 13 4
263 14 4
263 15 4
263 20 1
263 21 1
263 24 3
263 50 5
263 93 4
263 100 4
263 103 1
263 107 4
263 112 1
263 116 3
263 117 2
263 121 3
263 124 4
263 126 3
263 137 5
263 147 3
263 149 1
263 150 3
263 151 4
263 221 2
263 224 3
263 225 3
263 235 2
263 242 1
263 243 1
263 244 1
263 249 3
263 250 3
263 253 2
263 257 4
263 258 3
263 268 3
263 270 2
263 274 3
263 283 4
263 284 3
263 285 4
263 288 4
263 301 3
263 304 1
263 306 1
263 310 1
263 311 1
263 319 1
263 347 1
263 362 1
263 410 3
263 455 3
263 472 2
263 473 3
263 475 4
263 477 1
263 508 3
263 544 3
263 593 4
263 597 3
263 689 1
263 741 3
263 744 2
263 751 4
263 813 1
263 819 3
263 845 4
263 864 1
263 870 2
263 880 1
263 887 1
263 926 2
263 930 1
263 950 2
263 952 2
263 988 1
263 993 1
264 194 5
264 293 5
264 301 4
264 358 3
264 748 4
264 16 2
264 116 3
264 176 4
264 181 5
264 248 3
264 258 4
264 260 1
264 264 2
264 269 4
264 286 4
264 289 4
264 294 3
264 298 3
264 300 4
264 302 4
264 321 3
264 322 3
264 326 3
264 328 3
264 333 3
264 482 4
264 603 4
264 678 3
264 705 5
264 709 4
264 879 3
264 984 1
265 28 3
265 109 3
265 423 3
265 656 3
265 705 4
265 1 4
265 7 4
265 8 4
265 12 5
265 22 4
265 32 2
265 50 5
265 56 4
265 64 5
265 87 4
265 97 3
265 100 4
265 114 1
265 132 4
265 134 5
265 136 1
265 143 4
265 154 4
265 169 1
265 172 5
265 174 5
265 175 4
265 179 4
265 180 4
265 181 5
265 190 2
265 191 4
265 194 5
265 198 1
265 199 5
265 202 4
265 216 4
265 257 4
265 258 5
265 283 1
265 286 4
265 300 3
265 318 4
265 319 1
265 395 3
265 404 1
265 428 1
265 474 3
265 475 3
265 477 2
265 478 1
265 481 2
265 496 5
265 511 4
265 525 1
265 529 1
265 584 1
265 588 4
265 603 4
265 615 1
265 638 1
265 651 4
265 855 1
266 128 2
266 181 4
266 357 4
266 902 5
266 995 5
266 2 3
266 11 3
266 22 4
266 24 3
266 27 3
266 50 4
266 55 5
266 56 5
266 62 4
266 68 3
266 79 4
266 82 4
266 87 5
266 89 4
266 95 4
266 96 4
266 98 4
266 117 3
266 127 4
266 144 4
266 172 4
266 174 5
266 176 4
266 182 4
266 183 4
266 184 4
266 187 4
266 188 3
266 210 4
266 231 3
266 232 3
266 258 4
266 265 4
266 268 4
266 269 4
266 273 3
266 288 4
266 292 5
266 294 2
266 302 4
266 306 1
266 308 3
266 313 4
266 315 2
266 321 4
266 324 1
266 326 1
266 327 4
266 328 3
266 331 3
266 333 4
266 334 3
266 344 1
266 346 4
266 349 1
266 350 1
266 354 1
266 385 3
266 405 3
266 455 3
266 518 4
266 546 3
266 550 4
266 566 4
266 568 4
266 651 5
266 682 3
266 748 4
266 873 1
266 882 1
266 885 1
266 898 1
266 908 1
267 7 5
267 100 5
267 269 4
267 276 5
267 327 4
267 1 4
267 10 3
267 24 2
267 50 4
267 93 4
267 108 1
267 109 3
267 117 4
267 124 4
267 150 4
267 240 4
267 246 4
267 248 4
267 249 4
267 257 4
267 264 4
267 268 4
267 273 4
267 288 3
267 298 4
267 340 4
267 455 3
267 475 4
267 742 3
267 762 4
267 919 2
268 157 4
268 192 4
268 246 5
268 293 5
268 662 4
268 1 5
268 4 3
268 7 1
268 8 2
268 12 5
268 13 3
268 15 1
268 19 1
268 22 4
268 23 2
268 25 3
268 31 1
268 39 1
268 42 1
268 47 1
268 51 1
268 56 4
268 58 1
268 69 3
268 70 3
268 71 3
268 95 1
268 96 5
268 97 3
268 98 4
268 100 4
268 111 1
268 116 1
268 118 3
268 121 3
268 126 1
268 132 4
268 137 5
268 144 4
268 150 4
268 153 3
268 159 3
268 160 2
268 170 1
268 172 1
268 173 4
268 178 1
268 180 3
268 181 5
268 182 4
268 191 5
268 195 4
268 200 1
268 209 4
268 214 1
268 216 3
268 222 3
268 238 3
268 249 1
268 251 4
268 257 4
268 258 5
268 273 1
268 275 3
268 283 3
268 285 1
268 294 1
268 297 1
268 318 4
268 321 1
268 357 4
268 367 1
268 372 1
268 377 1
268 405 1
268 411 1
268 423 4
268 427 1
268 428 1
268 435 4
268 461 1
268 462 1
268 469 1
268 471 1
268 475 1
268 498 1
268 507 1
268 529 1
268 544 1
268 582 4
268 603 1
268 612 1
268 642 1
268 655 3
268 692 3
268 699 1
268 724 1
268 742 1
268 826 1
268 856 1
268 926 1
268 952 1
269 199 4
269 215 4
269 530 5
269 656 5
269 923 5
269 10 1
269 64 5
269 65 2
269 127 5
269 134 4
269 136 1
269 153 4
269 173 5
269 194 4
269 286 3
269 306 1
269 474 4
269 483 4
269 484 1
269 490 1
269 495 1
269 499 1
269 507 1
269 511 5
269 513 1
269 520 3
269 582 3
269 605 1
269 610 1
269 611 1
269 641 1
269 654 5
269 705 2
269 855 1
270 1 3
270 7 3
270 181 4
270 268 2
270 824 4
270 9 4
270 13 3
270 19 1
270 50 5
270 93 4
270 100 5
270 118 3
270 125 4
270 137 5
270 150 4
270 221 1
270 235 2
270 246 4
270 248 3
270 257 4
270 258 4
270 276 4
270 283 4
270 284 3
270 285 4
270 286 3
270 288 3
270 293 1
270 294 3
270 295 4
270 360 4
270 458 3
270 471 4
270 475 3
270 508 3
270 544 1
270 546 3
270 813 1
270 847 1
270 919 2
270 950 1
270 952 1
271 8 5
271 94 5
271 95 4
271 418 3
271 501 3
271 1 4
271 50 5
271 99 4
271 102 3
271 140 2
271 151 4
271 225 3
271 404 4
271 422 2
271 465 1
271 477 2
271 588 3
271 596 3
271 768 1
271 878 1
271 932 2
271 969 2
272 121 5
272 609 5
272 689 4
272 746 5
272 946 2
272 1 4
272 2 3
272 3 2
272 4 5
272 7 4
272 11 3
272 12 5
272 21 2
272 24 2
272 27 3
272 28 3
272 29 1
272 33 2
272 38 3
272 41 1
272 43 1
272 49 1
272 51 3
272 56 3
272 63 1
272 64 5
272 66 3
272 68 3
272 69 4
272 71 4
272 72 3
272 73 1
272 78 1
272 79 3
272 80 1
272 82 3
272 88 3
272 90 1
272 94 3
272 97 4
272 99 4
272 101 1
272 109 3
272 117 4
272 118 4
272 120 4
272 122 1
272 123 4
272 132 4
272 135 4
272 141 1
272 151 3
272 161 4
272 168 4
272 172 5
272 173 3
272 174 5
272 175 4
272 177 5
272 181 5
272 183 4
272 185 3
272 186 4
272 193 4
272 195 3
272 196 4
272 204 5
272 210 4
272 215 5
272 217 1
272 218 4
272 226 4
272 228 4
272 229 3
272 232 1
272 233 1
272 234 4
272 239 1
272 240 3
272 250 5
272 254 2
272 255 4
272 258 4
272 260 1
272 271 1
272 288 2
272 313 4
272 318 3
272 323 3
272 343 1
272 355 3
272 358 1
272 362 3
272 365 1
272 368 1
272 370 1
272 373 1
272 374 4
272 375 1
272 378 3
272 380 1
272 384 2
272 386 1
272 391 1
272 392 1
272 393 4
272 395 3
272 400 1
272 401 1
272 404 1
272 411 3
272 416 3
272 417 1
272 418 2
272 431 1
272 443 4
272 449 5
272 455 4
272 465 1
272 473 3
272 475 2
272 477 1
272 485 3
272 496 4
272 501 4
272 540 1
272 541 1
272 546 3
272 548 1
272 550 1
272 552 1
272 559 1
272 561 1
272 562 1
272 567 1
272 568 3
272 569 1
272 576 1
272 577 1
272 578 2
272 584 1
272 588 4
272 597 3
272 625 1
272 633 1
272 655 4
272 658 1
272 665 2
272 672 1
272 682 1
272 685 5
272 715 1
272 720 1
272 739 4
272 742 4
272 743 2
272 747 4
272 748 4
272 751 5
272 755 3
272 756 2
272 758 1
272 760 1
272 763 2
272 768 1
272 771 1
272 780 1
272 790 2
272 796 3
272 810 1
272 826 3
272 834 1
272 877 2
272 890 1
272 895 1
272 924 1
272 928 1
272 930 1
272 931 2
272 940 3
272 951 1
272 977 1
273 7 2
273 10 3
273 256 4
273 268 5
273 813 3
273 9 4
273 14 4
273 25 4
273 116 1
273 124 4
273 129 1
273 137 5
273 242 3
273 257 4
273 273 4
273 275 5
273 276 4
273 293 3
273 302 4
273 303 4
273 319 3
273 321 3
273 327 4
273 508 4
273 547 1
274 70 4
274 117 4
274 168 3
274 265 5
274 462 4
274 7 4
274 8 4
274 11 4
274 12 4
274 13 4
274 14 5
274 15 4
274 22 4
274 23 4
274 26 1
274 42 3
274 44 1
274 45 1
274 48 1
274 50 4
274 52 1
274 58 4
274 60 1
274 61 1
274 64 5
274 66 3
274 68 1
274 69 3
274 71 4
274 72 2
274 73 1
274 76 1
274 77 4
274 79 4
274 83 4
274 86 1
274 87 4
274 88 4
274 89 4
274 92 1
274 97 4
274 98 4
274 99 4
274 100 4
274 107 1
274 116 5
274 121 4
274 131 2
274 132 3
274 134 4
274 135 3
274 136 1
274 141 1
274 150 1
274 161 4
274 170 1
274 171 1
274 172 5
274 173 4
274 175 3
274 176 4
274 178 3
274 179 3
274 180 3
274 181 4
274 182 4
274 183 4
274 191 4
274 192 1
274 193 4
274 194 4
274 195 4
274 196 4
274 198 1
274 199 2
274 203 4
274 205 1
274 207 1
274 208 4
274 209 3
274 210 4
274 211 4
274 212 1
274 215 3
274 216 4
274 218 4
274 221 1
274 227 4
274 230 4
274 234 4
274 237 4
274 238 3
274 244 1
274 248 3
274 252 5
274 257 4
274 258 4
274 274 4
274 275 5
274 276 4
274 282 3
274 283 4
274 285 1
274 286 4
274 288 5
274 289 5
274 291 3
274 293 1
274 298 3
274 302 4
274 313 5
274 315 1
274 316 5
274 317 2
274 322 3
274 326 2
274 346 1
274 356 1
274 380 1
274 382 3
274 385 4
274 410 2
274 414 1
274 416 1
274 418 3
274 419 3
274 430 1
274 434 1
274 435 4
274 436 1
274 461 1
274 463 1
274 470 1
274 474 4
274 475 1
274 478 5
274 480 3
274 481 1
274 483 4
274 484 1
274 486 1
274 488 1
274 489 1
274 490 1
274 491 1
274 493 1
274 495 1
274 496 4
274 497 1
274 498 2
274 499 1
274 503 1
274 506 1
274 507 1
274 508 3
274 510 3
274 511 1
274 513 1
274 514 5
274 517 3
274 518 1
274 519 1
274 520 1
274 521 1
274 525 1
274 526 1
274 527 4
274 528 1
274 529 1
274 530 1
274 553 1
274 566 4
274 584 1
274 591 5
274 601 1
274 602 1
274 603 4
274 604 1
274 605 1
274 607 3
274 610 1
274 614 1
274 615 1
274 617 1
274 618 1
274 628 3
274 633 1
274 641 1
274 642 1
274 646 1
274 648 1
274 649 1
274 651 4
274 653 1
274 657 1
274 659 1
274 660 3
274 661 1
274 664 1
274 676 1
274 684 4
274 685 4
274 692 4
274 696 1
274 697 1
274 699 1
274 705 1
274 707 1
274 708 1
274 709 1
274 735 4
274 736 1
274 744 2
274 756 4
274 789 1
274 792 1
274 836 1
274 848 1
274 921 1
274 923 1
274 939 4
274 943 1
274 945 1
274 963 1
274 966 3
274 971 1
274 996 1
275 127 4
275 286 2
275 313 2
275 316 5
275 902 5
275 50 4
275 70 3
275 100 4
275 259 2
275 315 5
275 347 3
275 381 1
276 63 3
276 204 4
276 294 3
276 435 3
276 890 1
276 4 4
276 26 1
276 33 4
276 42 4
276 56 4
276 67 2
276 72 3
276 73 4
276 80 3
276 83 3
276 85 1
276 88 4
276 168 4
276 173 4
276 175 4
276 186 4
276 194 4
276 202 4
276 208 4
276 209 4
276 211 4
276 216 4
276 232 3
276 238 4
276 239 3
276 288 3
276 300 4
276 328 4
276 343 4
276 367 3
276 386 2
276 579 4
276 585 4
276 648 4
276 655 4
276 692 4
276 710 1
276 712 3
276 715 1
276 734 1
276 738 1
276 748 3
276 765 4
276 781 3
276 790 3
276 792 1
276 944 3
276 999 4
277 15 4
277 49 5
277 369 4
277 731 4
277 756 4
277 20 1
277 25 2
277 36 1
277 88 4
277 90 1
277 237 4
277 255 4
277 280 5
277 282 4
277 289 2
277 294 2
277 553 4
277 709 1
277 722 1
277 724 1
277 732 3
277 778 1
277 781 1
277 815 4
277 846 1
278 69 3
278 255 4
278 282 3
278 381 5
278 496 5
278 1 4
278 7 3
278 17 1
278 23 4
278 26 1
278 28 4
278 40 1
278 41 1
278 42 1
278 48 4
278 50 5
278 65 2
278 72 3
278 77 4
278 79 4
278 81 1
278 93 3
278 98 4
278 111 3
278 122 1
278 134 5
278 137 4
278 143 4
278 145 1
278 151 3
278 160 2
278 161 4
278 168 4
278 188 1
278 196 4
278 216 4
278 218 4
278 219 2
278 222 4
278 231 3
278 237 4
278 238 3
278 276 4
278 288 3
278 300 4
278 318 5
278 327 1
278 340 3
278 350 1
278 354 1
278 357 4
278 367 4
278 369 1
278 392 1
278 403 3
278 410 3
278 412 2
278 427 4
278 447 4
278 451 4
278 467 4
278 469 3
278 518 1
278 568 4
278 591 3
278 604 2
278 616 1
278 655 4
278 658 1
278 673 1
278 684 4
278 739 4
278 743 2
278 763 3
278 843 1
278 866 3
278 959 1
278 975 1
279 144 4
279 153 4
279 164 4
279 274 4
279 325 1
279 1 4
279 8 1
279 24 1
279 28 1
279 31 1
279 50 3
279 54 1
279 55 1
279 58 1
279 66 1
279 70 1
279 71 1
279 79 1
279 82 1
279 88 1
279 89 1
279 95 1
279 96 1
279 97 1
279 100 4
279 101 1
279 108 1
279 111 3
279 117 3
279 118 2
279 121 3
279 122 2
279 127 1
279 133 1
279 135 1
279 147 1
279 148 2
279 161 1
279 168 1
279 172 1
279 173 1
279 174 1
279 175 1
279 176 1
279 177 1
279 179 1
279 180 1
279 181 1
279 182 1
279 183 1
279 185 5
279 187 1
279 188 1
279 189 1
279 190 1
279 195 1
279 197 1
279 198 1
279 201 5
279 204 1
279 209 1
279 210 1
279 211 1
279 213 1
279 215 1
279 216 1
279 226 1
279 228 1
279 230 1
279 241 1
279 248 1
279 249 1
279 255 1
279 257 5
279 258 4
279 261 1
279 264 2
279 265 1
279 266 1
279 270 4
279 272 1
279 281 2
279 282 4
279 283 3
279 286 1
279 288 3
279 294 3
279 295 3
279 298 5
279 300 4
279 304 1
279 318 1
279 324 2
279 328 3
279 356 1
279 358 2
279 380 1
279 385 1
279 398 1
279 405 4
279 421 1
279 422 1
279 423 1
279 436 4
279 455 1
279 463 1
279 472 2
279 479 1
279 483 1
279 489 1
279 500 1
279 510 1
279 511 1
279 523 1
279 526 1
279 528 1
279 535 1
279 546 1
279 566 1
279 588 1
279 602 1
279 604 1
279 616 1
279 629 1
279 632 1
279 640 1
279 651 1
279 655 1
279 680 1
279 688 1
279 692 1
279 727 1
279 732 1
279 739 1
279 748 1
279 751 1
279 752 1
279 840 1
279 879 2
279 931 2
279 945 1
280 89 4
280 174 5
280 209 4
280 234 4
280 258 3
280 8 4
280 12 5
280 64 5
280 96 4
280 100 5
280 114 1
280 127 5
280 165 4
280 166 2
280 172 4
280 175 4
280 183 4
280 190 4
280 191 4
280 203 4
280 213 3
280 237 4
280 257 4
280 265 4
280 272 4
280 294 3
280 298 4
280 319 2
280 347 4
280 462 4
280 479 4
280 483 5
280 504 4
280 510 4
280 511 4
280 517 3
280 603 4
280 615 2
280 642 3
280 661 1
280 705 4
280 863 4
281 4 3
281 98 4
281 216 5
281 659 5
281 692 4
281 42 1
281 50 5
281 66 4
281 70 4
281 86 4
281 100 4
281 153 4
281 163 1
281 173 5
281 190 3
281 197 4
281 204 4
281 207 3
281 210 4
281 238 4
281 283 4
281 313 4
281 318 5
281 322 3
281 367 3
281 427 5
281 430 1
281 435 3
281 479 4
281 484 1
281 505 1
281 507 1
281 514 3
281 524 1
281 596 3
281 648 1
281 650 1
281 678 1
281 780 1
282 269 4
282 311 4
282 315 3
282 346 3
282 988 4
282 50 4
282 127 5
282 257 3
282 288 4
282 289 4
282 295 4
282 298 2
282 301 4
282 321 2
282 748 1
282 876 1
282 881 2
283 109 5
283 274 4
283 275 4
283 313 2
283 450 4
283 1 4
283 12 5
283 20 1
283 99 4
283 107 1
283 116 3
283 121 3
283 144 3
283 151 4
283 180 1
283 181 4
283 195 1
283 197 5
283 199 1
283 229 2
283 230 3
283 237 4
283 249 1
283 250 2
283 257 5
283 270 1
283 271 1
283 277 1
283 286 5
283 290 1
283 318 5
283 365 1
283 380 1
283 405 3
283 432 4
283 449 1
283 462 1
283 480 1
283 538 1
283 582 1
283 612 1
283 743 1
283 900 1
284 69 5
284 141 4
284 228 5
284 554 4
284 924 5
284 1 4
284 7 4
284 9 4
284 15 4
284 24 3
284 25 3
284 28 4
284 29 2
284 50 5
284 51 4
284 53 2
284 56 4
284 70 3
284 71 4
284 73 3
284 79 4
284 82 4
284 94 3
284 96 4
284 97 4
284 98 4
284 111 4
284 122 1
284 135 4
284 136 3
284 143 4
284 144 4
284 150 4
284 151 3
284 168 4
284 173 4
284 174 5
284 181 4
284 195 4
284 202 4
284 204 5
284 216 4
284 222 4
284 227 4
284 229 3
284 230 4
284 234 4
284 235 3
284 237 4
284 239 3
284 248 3
284 250 4
284 252 3
284 255 3
284 257 4
284 258 4
284 265 4
284 274 3
284 275 3
284 293 1
284 294 2
284 300 3
284 313 4
284 315 5
284 318 4
284 343 2
284 385 4
284 392 3
284 399 2
284 405 3
284 419 4
284 422 2
284 427 5
284 431 3
284 449 3
284 451 3
284 463 5
284 472 4
284 510 4
284 550 4
284 560 3
284 562 3
284 568 4
284 578 3
284 588 4
284 597 3
284 625 3
284 651 4
284 655 4
284 665 2
284 679 4
284 692 4
284 699 3
284 746 2
284 755 3
284 778 1
284 823 4
284 829 3
284 849 1
284 879 3
284 926 2
285 307 3
285 319 3
285 328 2
285 347 2
285 538 3
285 245 3
285 288 3
285 289 4
285 294 3
285 303 2
285 313 4
285 321 4
285 326 3
285 330 1
285 341 1
285 748 3
286 6 4
286 125 3
286 460 4
286 690 2
286 936 3
286 1 4
286 3 1
286 7 2
286 10 1
286 13 4
286 14 5
286 15 4
286 20 2
286 93 3
286 109 5
286 111 4
286 117 3
286 121 3
286 123 1
286 124 1
286 127 3
286 129 2
286 137 4
286 146 2
286 147 3
286 150 3
286 151 4
286 181 4
286 220 1
286 221 1
286 235 3
286 236 1
286 237 3
286 245 2
286 248 1
286 250 1
286 255 4
286 257 1
286 258 4
286 262 1
286 264 1
286 270 1
286 273 1
286 275 4
286 276 5
286 277 1
286 280 1
286 282 3
286 284 2
286 285 2
286 286 4
286 287 4
286 295 1
286 298 1
286 299 1
286 300 4
286 305 1
286 319 1
286 321 1
286 322 1
286 327 1
286 331 1
286 332 1
286 333 2
286 336 1
286 471 4
286 475 5
286 476 3
286 508 3
286 591 1
286 595 1
286 597 3
286 620 1
286 628 1
286 678 2
286 689 1
286 696 1
286 717 1
286 718 1
286 742 2
286 748 1
286 762 1
286 766 1
286 818 1
286 823 1
286 845 3
286 846 1
286 864 1
286 872 1
286 874 1
286 879 1
286 880 1
286 882 1
286 886 1
286 887 1
286 924 1
286 935 3
286 975 1
286 994 1
286 995 1
287 218 2
287 651 5
287 739 2
287 921 5
287 955 5
287 1 4
287 2 3
287 3 4
287 4 4
287 12 5
287 17 1
287 25 3
287 28 4
287 31 4
287 38 3
287 42 4
287 43 3
287 45 4
287 48 5
287 49 4
287 50 5
287 55 4
287 56 5
287 58 4
287 66 3
287 68 3
287 69 4
287 71 4
287 73 3
287 76 1
287 77 3
287 79 4
287 81 2
287 82 4
287 87 3
287 88 4
287 92 4
287 95 4
287 96 4
287 97 4
287 99 4
287 100 4
287 111 4
287 117 3
287 121 4
287 125 3
287 128 1
287 133 3
287 136 5
287 140 3
287 143 4
287 144 4
287 150 5
287 160 3
287 161 4
287 172 4
287 174 4
287 176 4
287 179 4
287 181 4
287 183 5
287 188 4
287 191 4
287 194 4
287 195 4
287 196 4
287 202 3
287 206 4
287 215 4
287 216 4
287 222 3
287 226 1
287 227 3
287 230 3
287 232 2
287 237 4
287 239 2
287 249 3
287 252 4
287 255 4
287 257 4
287 258 4
287 259 1
287 260 2
287 265 4
287 270 4
287 272 4
287 273 4
287 276 4
287 280 2
287 282 2
287 286 4
287 288 4
287 289 2
287 293 4
287 294 3
287 298 1
287 300 3
287 318 4
287 333 3
287 347 5
287 356 2
287 366 1
287 367 4
287 378 4
287 402 3
287 403 3
287 404 3
287 411 2
287 412 2
287 419 2
287 423 4
287 432 3
287 455 3
287 462 4
287 470 1
287 471 2
287 474 4
287 501 3
287 540 2
287 541 3
287 546 3
287 549 3
287 550 3
287 566 3
287 572 2
287 578 3
287 586 2
287 588 4
287 591 2
287 596 3
287 597 3
287 620 3
287 627 3
287 628 1
287 652 4
287 658 3
287 672 3
287 679 4
287 684 4
287 685 4
287 686 4
287 692 3
287 710 3
287 713 5
287 727 4
287 732 4
287 735 3
287 742 3
287 747 4
287 748 3
287 768 4
287 772 1
287 779 1
287 781 3
287 790 3
287 794 3
287 820 1
287 823 4
287 833 2
287 845 3
287 932 2
287 939 1
287 941 1
287 956 5
287 978 2
288 9 4
288 208 4
288 289 1
288 357 4
288 748 4
288 1 3
288 8 4
288 11 4
288 22 4
288 28 4
288 33 4
288 50 4
288 58 4
288 64 5
288 69 4
288 70 4
288 83 4
288 87 4
288 96 4
288 98 4
288 100 4
288 111 4
288 133 4
288 135 4
288 154 4
288 164 4
288 168 4
288 172 4
288 173 4
288 176 4
288 180 4
288 181 4
288 182 4
288 183 4
288 185 4
288 186 4
288 187 5
288 190 4
288 196 4
288 198 4
288 199 5
288 200 4
288 203 4
288 207 5
288 210 4
288 211 4
288 222 3
288 228 4
288 230 3
288 238 4
288 243 3
288 245 4
288 258 4
288 259 3
288 260 2
288 265 4
288 269 3
288 292 2
288 299 1
288 304 3
288 318 4
288 328 3
288 333 3
288 358 2
288 385 4
288 405 3
288 414 4
288 419 4
288 429 3
288 434 1
288 468 1
288 474 4
288 480 4
288 483 5
288 485 4
288 491 4
288 493 5
288 496 4
288 498 4
288 500 4
288 510 4
288 511 4
288 514 4
288 515 4
288 520 4
288 521 4
288 523 4
288 526 2
288 527 4
288 568 3
288 605 1
288 612 2
288 655 4
288 659 4
288 662 5
288 692 4
288 707 4
288 724 1
288 732 4
288 776 2
288 845 3
288 880 1
288 890 1
289 270 4
289 289 2
289 303 4
289 539 4
289 908 5
289 243 1
289 258 4
289 259 3
289 260 1
289 261 1
289 263 1
289 264 1
289 266 1
289 268 4
289 271 1
289 272 5
289 286 4
289 288 3
289 292 1
289 294 4
289 301 4
289 302 5
289 304 2
289 308 1
289 310 1
289 313 5
289 315 1
289 316 1
289 319 3
289 321 4
289 324 3
289 325 1
289 326 3
289 327 4
289 330 1
289 331 1
289 332 1
289 333 1
289 334 1
289 339 1
289 340 4
289 342 1
289 343 1
289 349 1
289 353 1
289 355 1
289 358 1
289 457 1
289 538 4
289 678 2
289 680 1
289 681 1
289 682 1
289 687 1
289 689 1
289 748 1
289 750 1
289 751 1
289 752 1
289 872 1
289 873 1
289 874 2
289 875 1
289 878 1
289 881 1
289 883 1
289 887 1
289 890 1
289 892 3
289 902 1
289 948 1
289 988 1
289 989 1
289 991 1
290 7 3
290 123 2
290 246 2
290 257 3
290 515 3
290 1 3
290 9 4
290 15 4
290 50 4
290 93 3
290 117 4
290 124 3
290 126 4
290 127 5
290 137 4
290 150 4
290 151 4
290 181 4
290 224 1
290 237 4
290 258 4
290 273 4
290 277 1
290 284 3
290 286 3
290 292 1
290 293 1
290 298 3
290 302 4
290 333 3
290 410 3
290 455 2
290 473 3
290 475 4
290 596 3
290 741 3
290 764 2
290 847 1
290 919 3
290 926 2
290 993 4
291 7 3
291 19 4
291 236 4
291 284 3
291 319 1
291 45 1
291 100 5
291 124 4
291 129 4
291 190 5
291 237 4
291 258 4
291 273 4
291 285 5
291 286 3
291 340 3
291 475 3
291 657 4
291 696 1
291 900 1
292 64 4
292 134 3
292 185 3
292 657 3
292 923 5
292 45 4
292 56 4
292 69 4
292 83 4
292 86 2
292 97 4
292 100 5
292 124 5
292 127 4
292 131 3
292 137 1
292 186 4
292 187 4
292 192 1
292 193 4
292 205 1
292 212 2
292 221 1
292 242 1
292 285 1
292 286 4
292 291 1
292 318 5
292 479 4
292 482 2
292 483 4
292 492 1
292 511 4
292 523 4
292 527 4
292 528 3
292 531 4
292 654 4
292 772 1
293 56 4
293 61 4
293 201 5
293 298 3
293 423 2
293 1 4
293 7 4
293 11 4
293 12 5
293 22 4
293 24 3
293 48 1
293 50 4
293 59 1
293 60 1
293 65 1
293 69 4
293 71 4
293 79 4
293 82 3
293 91 1
293 95 3
293 96 3
293 98 4
293 100 4
293 115 1
293 117 3
293 118 3
293 121 3
293 124 4
293 127 5
293 150 4
293 151 4
293 154 4
293 156 4
293 168 5
293 171 1
293 172 4
293 173 5
293 174 4
293 175 4
293 176 5
293 180 4
293 181 4
293 182 4
293 183 4
293 188 3
293 191 4
293 192 1
293 195 4
293 196 4
293 209 4
293 210 4
293 222 4
293 234 4
293 235 3
293 238 4
293 239 1
293 250 4
293 252 4
293 257 3
293 258 4
293 260 1
293 264 1
293 265 4
293 271 2
293 273 4
293 275 4
293 284 4
293 288 4
293 300 3
293 318 4
293 323 1
293 327 1
293 328 3
293 343 1
293 357 4
293 369 1
293 404 1
293 405 3
293 410 3
293 411 2
293 431 4
293 455 2
293 462 3
293 475 4
293 483 4
293 527 4
293 528 1
293 546 3
293 550 1
293 597 3
293 647 1
293 652 1
293 684 4
293 687 1
293 693 1
293 742 4
293 746 1
293 751 2
293 754 1
293 762 1
293 763 3
293 876 1
293 879 2
293 886 2
293 890 1
293 925 4
294 1 3
294 15 5
294 121 4
294 479 3
294 924 4
294 9 4
294 50 5
294 64 5
294 65 1
294 86 1
294 98 4
294 100 4
294 107 1
294 126 4
294 174 5
294 183 4
294 191 4
294 194 5
294 199 2
294 222 4
294 237 4
294 286 4
294 289 3
294 294 3
294 322 3
294 357 3
294 427 5
294 507 1
294 528 1
294 748 3
295 62 3
295 127 4
295 174 5
295 226 4
295 550 3
295 2 2
295 4 4
295 11 4
295 29 1
295 44 3
295 50 5
295 53 1
295 54 3
295 56 4
295 64 5
295 68 3
295 69 4
295 71 4
295 79 4
295 84 1
295 86 1
295 88 4
295 89 4
295 90 1
295 91 3
295 94 3
295 95 4
295 98 4
295 101 1
295 109 3
295 120 2
295 121 3
295 132 4
295 133 4
295 139 1
295 140 2
295 143 4
295 144 4
295 145 1
295 147 3
295 151 4
295 153 4
295 155 1
295 157 2
295 158 2
295 161 3
295 162 2
295 163 1
295 167 1
295 168 4
295 172 4
295 173 5
295 176 4
295 179 4
295 181 4
295 184 2
295 186 4
295 188 4
295 191 4
295 195 5
295 200 4
295 201 2
295 202 3
295 204 4
295 214 2
295 216 4
295 217 1
295 219 1
295 222 4
295 227 3
295 228 4
295 229 3
295 230 3
295 231 3
295 232 2
295 234 4
295 235 3
295 265 4
295 282 4
295 288 3
295 357 4
295 379 1
295 380 3
295 385 4
295 386 1
295 389 1
295 391 1
295 392 2
295 395 1
295 402 4
295 403 4
295 404 1
295 413 1
295 416 1
295 417 1
295 421 3
295 423 4
295 431 4
295 433 4
295 435 5
295 444 1
295 447 4
295 449 3
295 451 3
295 452 1
295 465 1
295 470 3
295 472 3
295 478 1
295 479 4
295 496 4
295 501 4
295 504 1
295 505 1
295 507 1
295 523 4
295 559 1
295 566 4
295 575 1
295 581 4
295 616 1
295 622 2
295 629 1
295 642 1
295 650 3
295 658 2
295 660 4
295 665 3
295 671 1
295 674 2
295 679 2
295 684 4
295 705 4
295 732 3
295 742 4
295 768 1
295 770 2
295 790 1
295 796 1
295 797 1
295 831 1
295 843 1
295 924 1
295 944 1
296 142 2
296 421 3
296 484 3
296 509 3
296 554 2
296 7 4
296 10 4
296 11 4
296 17 2
296 33 3
296 38 3
296 39 3
296 42 4
296 50 5
296 53 3
296 56 5
296 64 5
296 77 4
296 87 4
296 89 4
296 96 4
296 97 4
296 98 4
296 99 4
296 109 4
296 132 4
296 133 4
296 135 4
296 136 4
296 141 4
296 143 3
296 147 4
296 150 5
296 154 5
296 156 5
296 158 1
296 164 4
296 172 4
296 173 4
296 181 4
296 183 4
296 186 4
296 191 4
296 204 5
296 222 4
296 227 2
296 228 4
296 229 3
296 246 4
296 268 4
296 288 3
296 318 4
296 356 4
296 378 5
296 380 4
296 393 3
296 417 3
296 418 3
296 420 4
296 432 4
296 433 5
296 469 4
296 480 4
296 485 3
296 526 4
296 528 4
296 532 4
296 561 3
296 607 1
296 625 3
296 633 4
296 659 4
296 727 4
296 743 2
296 746 5
296 774 1
296 825 4
296 921 3
297 183 4
297 194 3
297 222 3
297 381 3
297 808 2
297 1 4
297 2 3
297 3 1
297 11 3
297 12 5
297 13 4
297 19 1
297 24 3
297 25 3
297 28 4
297 31 4
297 38 3
297 39 2
297 54 3
297 56 4
297 66 3
297 67 3
297 70 4
297 71 4
297 72 3
297 77 4
297 79 4
297 80 2
297 82 4
297 87 4
297 89 4
297 94 4
297 95 4
297 96 4
297 97 4
297 98 4
297 99 3
297 100 4
297 101 2
297 105 2
297 108 4
297 109 4
297 114 1
297 118 3
297 122 1
297 127 4
297 139 1
297 145 1
297 152 2
297 153 4
297 155 2
297 161 4
297 163 1
297 164 3
297 167 3
297 168 4
297 173 4
297 174 5
297 175 4
297 181 4
297 185 4
297 186 4
297 187 4
297 188 3
297 189 1
297 195 5
297 197 4
297 202 4
297 204 4
297 208 4
297 217 1
297 225 3
297 227 4
297 228 4
297 229 4
297 230 4
297 233 4
297 234 4
297 240 1
297 242 5
297 248 3
297 250 4
297 252 3
297 257 4
297 258 4
297 260 2
297 268 4
297 273 3
297 274 3
297 288 4
297 291 2
297 298 2
297 325 1
297 358 3
297 363 3
297 364 1
297 373 2
297 382 3
297 384 1
297 385 3
297 386 1
297 393 4
297 395 3
297 399 1
297 403 3
297 405 3
297 407 3
297 408 1
297 412 1
297 418 2
297 420 2
297 423 4
297 431 3
297 432 4
297 451 3
297 452 1
297 455 3
297 465 1
297 472 3
297 475 3
297 501 3
297 508 4
297 510 5
297 526 1
297 540 1
297 545 1
297 549 1
297 550 4
297 552 1
297 559 2
297 562 1
297 566 4
297 568 4
297 570 2
297 575 1
297 577 3
297 578 1
297 588 4
297 590 1
297 597 3
297 603 4
297 625 2
297 627 1
297 645 1
297 651 5
297 652 1
297 655 4
297 657 4
297 679 2
297 692 4
297 716 1
297 720 2
297 721 1
297 722 3
297 724 1
297 731 2
297 741 2
297 746 3
297 748 3
297 758 1
297 765 3
297 771 2
297 780 2
297 781 1
297 783 3
297 790 3
297 792 2
297 797 2
297 802 3
297 809 2
297 810 2
297 840 2
297 849 2
297 864 3
297 940 3
297 943 3
297 1000 3
298 54 2
298 448 4
298 607 3
298 628 4
298 933 3
298 10 2
298 11 4
298 12 5
298 23 5
298 32 4
298 50 4
298 53 4
298 56 5
298 59 1
298 61 5
298 79 4
298 83 4
298 89 4
298 98 5
298 121 4
298 124 3
298 127 4
298 136 1
298 137 2
298 144 3
298 150 1
298 151 3
298 156 1
298 160 4
298 164 2
298 168 4
298 171 4
298 172 2
298 175 4
298 176 4
298 182 4
298 183 4
298 186 2
298 187 4
298 191 4
298 192 4
298 197 1
298 202 2
298 203 4
298 204 4
298 210 4
298 212 5
298 218 4
298 222 3
298 228 2
298 229 2
298 258 4
298 262 2
298 271 2
298 275 3
298 288 4
298 293 1
298 302 3
298 340 1
298 381 4
298 425 2
298 435 4
298 443 4
298 447 4
298 449 1
298 464 5
298 474 4
298 475 4
298 483 5
298 484 4
298 486 1
298 489 1
298 512 1
298 514 1
298 515 4
298 522 1
298 525 4
298 538 1
298 548 1
298 554 2
298 558 1
298 591 4
298 594 1
298 603 4
298 631 1
298 649 1
298 652 4
298 656 1
298 664 3
298 675 1
298 693 4
298 754 1
298 772 1
298 806 4
298 887 1
298 919 1
298 922 1
298 985 1
299 7 4
299 69 5
299 347 4
299 427 5
299 514 5
299 8 4
299 11 4
299 12 5
299 50 4
299 87 4
299 97 4
299 117 4
299 127 5
299 132 4
299 136 1
299 153 4
299 157 2
299 176 4
299 177 4
299 181 4
299 182 4
299 183 4
299 191 4
299 193 4
299 194 4
299 198 1
299 202 4
299 207 1
299 210 4
299 213 3
299 215 4
299 238 4
299 251 1
299 271 3
299 272 4
299 275 4
299 295 1
299 300 4
299 301 3
299 307 2
299 312 4
299 313 5
299 318 5
299 326 1
299 357 4
299 414 4
299 425 3
299 463 3
299 474 4
299 482 4
299 483 5
299 484 4
299 486 4
299 497 2
299 511 4
299 516 4
299 520 2
299 521 4
299 530 1
299 539 1
299 605 1
299 651 4
299 657 4
299 661 1
299 663 4
299 664 3
299 690 4
299 692 3
299 742 4
299 750 4
299 879 4
299 886 1
299 887 5
299 902 3
300 15 2
300 59 4
300 77 3
300 319 4
300 479 5
300 1 4
300 3 2
300 8 4
300 9 4
300 25 3
300 28 3
300 30 2
300 39 1
300 42 1
300 43 1
300 44 1
300 45 1
300 50 5
300 56 4
300 58 3
300 61 2
300 62 1
300 69 3
300 70 4
300 72 1
300 83 4
300 88 4
300 89 5
300 94 1
300 97 4
300 98 4
300 100 5
300 111 4
300 116 1
300 118 3
300 120 1
300 125 3
300 129 1
300 133 4
300 135 4
300 143 4
300 147 3
300 159 1
300 164 1
300 172 4
300 175 4
300 179 4
300 181 4
300 196 5
300 202 3
300 204 4
300 208 4
300 210 4
300 211 4
300 216 4
300 217 1
300 223 3
300 234 5
300 235 1
300 237 3
300 238 4
300 244 1
300 245 2
300 246 3
300 250 1
300 252 1
300 255 1
300 257 2
300 258 3
300 268 4
300 274 3
300 275 4
300 276 3
300 281 2
300 282 4
300 283 4
300 284 3
300 285 4
300 287 5
300 294 4
300 298 3
300 300 5
300 301 2
300 304 1
300 316 1
300 325 2
300 381 3
300 386 1
300 387 1
300 393 4
300 396 1
300 405 3
300 407 1
300 412 1
300 421 3
300 448 1
300 464 1
300 469 1
300 471 2
300 472 2
300 475 4
300 476 2
300 498 5
300 509 4
300 514 4
300 517 2
300 522 5
300 529 2
300 531 4
300 535 1
300 553 1
300 559 1
300 568 4
300 569 4
300 584 1
300 611 1
300 619 1
300 639 4
300 640 1
300 660 4
300 662 1
300 665 1
300 699 1
300 708 1
300 709 1
300 714 1
300 721 1
300 729 1
300 735 5
300 739 3
300 742 3
300 762 1
300 768 1
300 775 1
300 780 1
300 781 1
300 815 1
300 821 1
300 827 1
300 836 1
300 845 5
300 930 1
300 964 1
300 971 1
300 988 1
300 996 1
